(kicad_pcb (version 20171130) (host pcbnew "(5.1.4)-1")

  (general
    (thickness 1.6)
    (drawings 0)
    (tracks 0)
    (zones 0)
    (modules 72)
    (nets 125)
  )

  (page A4)
  (layers
    (0 F.Cu signal)
    (31 B.Cu signal)
    (32 B.Adhes user)
    (33 F.Adhes user)
    (34 B.Paste user)
    (35 F.Paste user)
    (36 B.SilkS user)
    (37 F.SilkS user)
    (38 B.Mask user)
    (39 F.Mask user)
    (40 Dwgs.User user)
    (41 Cmts.User user)
    (42 Eco1.User user)
    (43 Eco2.User user)
    (44 Edge.Cuts user)
    (45 Margin user)
    (46 B.CrtYd user)
    (47 F.CrtYd user)
    (48 B.Fab user)
    (49 F.Fab user)
  )

  (setup
    (last_trace_width 0.25)
    (user_trace_width 0.254)
    (user_trace_width 0.381)
    (trace_clearance 0.2)
    (zone_clearance 0.508)
    (zone_45_only no)
    (trace_min 0.2)
    (via_size 0.8)
    (via_drill 0.4)
    (via_min_size 0.4)
    (via_min_drill 0.3)
    (uvia_size 0.3)
    (uvia_drill 0.1)
    (uvias_allowed no)
    (uvia_min_size 0.2)
    (uvia_min_drill 0.1)
    (edge_width 0.05)
    (segment_width 0.2)
    (pcb_text_width 0.3)
    (pcb_text_size 1.5 1.5)
    (mod_edge_width 0.12)
    (mod_text_size 1 1)
    (mod_text_width 0.15)
    (pad_size 1.524 1.524)
    (pad_drill 0.762)
    (pad_to_mask_clearance 0.051)
    (solder_mask_min_width 0.25)
    (aux_axis_origin 0 0)
    (visible_elements 7FFFF7FF)
    (pcbplotparams
      (layerselection 0x010fc_ffffffff)
      (usegerberextensions false)
      (usegerberattributes false)
      (usegerberadvancedattributes false)
      (creategerberjobfile false)
      (excludeedgelayer true)
      (linewidth 0.100000)
      (plotframeref false)
      (viasonmask false)
      (mode 1)
      (useauxorigin false)
      (hpglpennumber 1)
      (hpglpenspeed 20)
      (hpglpendiameter 15.000000)
      (psnegative false)
      (psa4output false)
      (plotreference true)
      (plotvalue true)
      (plotinvisibletext false)
      (padsonsilk false)
      (subtractmaskfromsilk false)
      (outputformat 1)
      (mirror false)
      (drillshape 1)
      (scaleselection 1)
      (outputdirectory ""))
  )

  (net 0 "")
  (net 1 "Net-(C1-Pad1)")
  (net 2 GND)
  (net 3 "Net-(C2-Pad2)")
  (net 4 Reset)
  (net 5 +12V)
  (net 6 +5V)
  (net 7 +3V3)
  (net 8 O2_TX)
  (net 9 O2_RX)
  (net 10 C02_RX)
  (net 11 C02_TX)
  (net 12 CCD_INT2)
  (net 13 CCD_INT1)
  (net 14 CCD_OS)
  (net 15 +24V)
  (net 16 "Net-(D2-Pad2)")
  (net 17 "Net-(D3-Pad2)")
  (net 18 "Net-(D4-Pad2)")
  (net 19 "Net-(D5-Pad2)")
  (net 20 "Net-(D6-Pad2)")
  (net 21 "Net-(D7-Pad2)")
  (net 22 "Net-(D8-Pad2)")
  (net 23 "Net-(D9-Pad2)")
  (net 24 "Net-(D10-Pad2)")
  (net 25 "Net-(D11-Pad2)")
  (net 26 "Net-(D12-Pad2)")
  (net 27 "Net-(D13-Pad2)")
  (net 28 "Net-(D14-Pad2)")
  (net 29 "Net-(D15-Pad2)")
  (net 30 "Net-(D16-Pad2)")
  (net 31 "Net-(D17-Pad2)")
  (net 32 "Net-(D18-Pad2)")
  (net 33 USB_Data-)
  (net 34 USB_Data+)
  (net 35 TIVA_O2_TX)
  (net 36 TIVA_CO2_TX)
  (net 37 TIVA_O2_RX)
  (net 38 TIVA_CO2_RX)
  (net 39 "Net-(Conn9-Pad2)")
  (net 40 "Net-(R3-Pad1)")
  (net 41 "Net-(Conn10-Pad2)")
  (net 42 SW_Flag2)
  (net 43 SW_Flag1)
  (net 44 SW_ERROR)
  (net 45 TIVA_USB_RX)
  (net 46 TIVA_USB_TX)
  (net 47 LED_Enable)
  (net 48 "Net-(U1-Pad2)")
  (net 49 "Net-(U1-Pad3)")
  (net 50 "Net-(U1-Pad5)")
  (net 51 "Net-(U4-PadPM6)")
  (net 52 "Net-(U4-PadPQ1)")
  (net 53 "Net-(U4-PadPQ2)")
  (net 54 Flow_Receive)
  (net 55 "Net-(U4-PadPQ3)")
  (net 56 "Net-(U4-PadPP3)")
  (net 57 "Net-(U4-PadPQ0)")
  (net 58 "Net-(U4-PadPA4)")
  (net 59 "Net-(U4-PadPA7)")
  (net 60 "Net-(U4-PadPK2)")
  (net 61 Flow_Output)
  (net 62 "Net-(U4-PadPB4)")
  (net 63 "Net-(U4-PadPB5)")
  (net 64 "Net-(U4-PadPA5)")
  (net 65 "Net-(U4-PadPD2)")
  (net 66 "Net-(U4-PadPP0)")
  (net 67 "Net-(U4-PadPP1)")
  (net 68 "Net-(U4-PadPD4)")
  (net 69 "Net-(U4-PadPD5)")
  (net 70 "Net-(U4-PadPG1)")
  (net 71 "Net-(U4-PadPK4)")
  (net 72 "Net-(U4-PadPK5)")
  (net 73 "Net-(U4-PadPM0)")
  (net 74 "Net-(U4-PadPM1)")
  (net 75 "Net-(U4-PadPM2)")
  (net 76 "Net-(U4-PadPH0)")
  (net 77 "Net-(U4-PadPH1)")
  (net 78 "Net-(U4-PadPK6)")
  (net 79 "Net-(U4-PadPK7)")
  (net 80 "Net-(U4-PadPM7)")
  (net 81 "Net-(U4-PadPE2)")
  (net 82 "Net-(U4-PadPE3)")
  (net 83 "Net-(U4-PadPD7)")
  (net 84 "Net-(U4-PadPA6)")
  (net 85 "Net-(U4-PadPM4)")
  (net 86 "Net-(U4-PadPM5)")
  (net 87 "Net-(U4-PadPE4)")
  (net 88 C02_In)
  (net 89 C02_Out)
  (net 90 "Net-(U4-PadPE5)")
  (net 91 "Net-(U4-PadPD3)")
  (net 92 "Net-(U4-PadPB2)")
  (net 93 "Net-(U4-PadPB3)")
  (net 94 "Net-(U4-PadPF1)")
  (net 95 "Net-(U4-PadPF2)")
  (net 96 "Net-(U4-PadPF3)")
  (net 97 "Net-(U4-PadPG0)")
  (net 98 "Net-(U4-PadPL4)")
  (net 99 "Net-(U4-PadPL5)")
  (net 100 "Net-(U4-PadPL0)")
  (net 101 "Net-(U4-PadPL1)")
  (net 102 "Net-(U4-PadPL2)")
  (net 103 "Net-(U4-PadPL3)")
  (net 104 "Net-(U4-PadPM3)")
  (net 105 "Net-(U4-PadPH2)")
  (net 106 "Net-(U4-PadPH3)")
  (net 107 "Net-(U4-PadRese)")
  (net 108 "Net-(U4-PadPD1)")
  (net 109 "Net-(U4-PadPD0)")
  (net 110 "Net-(U4-PadPN2)")
  (net 111 "Net-(U4-PadPN3)")
  (net 112 "Net-(U4-PadPP2)")
  (net 113 "Net-(U6-Pad3)")
  (net 114 "Net-(U6-Pad6)")
  (net 115 "Net-(U6-Pad9)")
  (net 116 "Net-(U6-Pad10)")
  (net 117 "Net-(U6-Pad11)")
  (net 118 "Net-(U6-Pad12)")
  (net 119 "Net-(U6-Pad13)")
  (net 120 "Net-(U6-Pad14)")
  (net 121 USB_TX)
  (net 122 USB_RX)
  (net 123 "Net-(U6-Pad27)")
  (net 124 "Net-(U6-Pad28)")

  (net_class Default "This is the default net class."
    (clearance 0.2)
    (trace_width 0.25)
    (via_dia 0.8)
    (via_drill 0.4)
    (uvia_dia 0.3)
    (uvia_drill 0.1)
    (add_net +12V)
    (add_net +24V)
    (add_net +3V3)
    (add_net +5V)
    (add_net C02_In)
    (add_net C02_Out)
    (add_net C02_RX)
    (add_net C02_TX)
    (add_net CCD_INT1)
    (add_net CCD_INT2)
    (add_net CCD_OS)
    (add_net Flow_Output)
    (add_net Flow_Receive)
    (add_net GND)
    (add_net LED_Enable)
    (add_net "Net-(C1-Pad1)")
    (add_net "Net-(C2-Pad2)")
    (add_net "Net-(Conn10-Pad2)")
    (add_net "Net-(Conn9-Pad2)")
    (add_net "Net-(D10-Pad2)")
    (add_net "Net-(D11-Pad2)")
    (add_net "Net-(D12-Pad2)")
    (add_net "Net-(D13-Pad2)")
    (add_net "Net-(D14-Pad2)")
    (add_net "Net-(D15-Pad2)")
    (add_net "Net-(D16-Pad2)")
    (add_net "Net-(D17-Pad2)")
    (add_net "Net-(D18-Pad2)")
    (add_net "Net-(D2-Pad2)")
    (add_net "Net-(D3-Pad2)")
    (add_net "Net-(D4-Pad2)")
    (add_net "Net-(D5-Pad2)")
    (add_net "Net-(D6-Pad2)")
    (add_net "Net-(D7-Pad2)")
    (add_net "Net-(D8-Pad2)")
    (add_net "Net-(D9-Pad2)")
    (add_net "Net-(R3-Pad1)")
    (add_net "Net-(U1-Pad2)")
    (add_net "Net-(U1-Pad3)")
    (add_net "Net-(U1-Pad5)")
    (add_net "Net-(U4-PadPA4)")
    (add_net "Net-(U4-PadPA5)")
    (add_net "Net-(U4-PadPA6)")
    (add_net "Net-(U4-PadPA7)")
    (add_net "Net-(U4-PadPB2)")
    (add_net "Net-(U4-PadPB3)")
    (add_net "Net-(U4-PadPB4)")
    (add_net "Net-(U4-PadPB5)")
    (add_net "Net-(U4-PadPD0)")
    (add_net "Net-(U4-PadPD1)")
    (add_net "Net-(U4-PadPD2)")
    (add_net "Net-(U4-PadPD3)")
    (add_net "Net-(U4-PadPD4)")
    (add_net "Net-(U4-PadPD5)")
    (add_net "Net-(U4-PadPD7)")
    (add_net "Net-(U4-PadPE2)")
    (add_net "Net-(U4-PadPE3)")
    (add_net "Net-(U4-PadPE4)")
    (add_net "Net-(U4-PadPE5)")
    (add_net "Net-(U4-PadPF1)")
    (add_net "Net-(U4-PadPF2)")
    (add_net "Net-(U4-PadPF3)")
    (add_net "Net-(U4-PadPG0)")
    (add_net "Net-(U4-PadPG1)")
    (add_net "Net-(U4-PadPH0)")
    (add_net "Net-(U4-PadPH1)")
    (add_net "Net-(U4-PadPH2)")
    (add_net "Net-(U4-PadPH3)")
    (add_net "Net-(U4-PadPK2)")
    (add_net "Net-(U4-PadPK4)")
    (add_net "Net-(U4-PadPK5)")
    (add_net "Net-(U4-PadPK6)")
    (add_net "Net-(U4-PadPK7)")
    (add_net "Net-(U4-PadPL0)")
    (add_net "Net-(U4-PadPL1)")
    (add_net "Net-(U4-PadPL2)")
    (add_net "Net-(U4-PadPL3)")
    (add_net "Net-(U4-PadPL4)")
    (add_net "Net-(U4-PadPL5)")
    (add_net "Net-(U4-PadPM0)")
    (add_net "Net-(U4-PadPM1)")
    (add_net "Net-(U4-PadPM2)")
    (add_net "Net-(U4-PadPM3)")
    (add_net "Net-(U4-PadPM4)")
    (add_net "Net-(U4-PadPM5)")
    (add_net "Net-(U4-PadPM6)")
    (add_net "Net-(U4-PadPM7)")
    (add_net "Net-(U4-PadPN2)")
    (add_net "Net-(U4-PadPN3)")
    (add_net "Net-(U4-PadPP0)")
    (add_net "Net-(U4-PadPP1)")
    (add_net "Net-(U4-PadPP2)")
    (add_net "Net-(U4-PadPP3)")
    (add_net "Net-(U4-PadPQ0)")
    (add_net "Net-(U4-PadPQ1)")
    (add_net "Net-(U4-PadPQ2)")
    (add_net "Net-(U4-PadPQ3)")
    (add_net "Net-(U4-PadRese)")
    (add_net "Net-(U6-Pad10)")
    (add_net "Net-(U6-Pad11)")
    (add_net "Net-(U6-Pad12)")
    (add_net "Net-(U6-Pad13)")
    (add_net "Net-(U6-Pad14)")
    (add_net "Net-(U6-Pad27)")
    (add_net "Net-(U6-Pad28)")
    (add_net "Net-(U6-Pad3)")
    (add_net "Net-(U6-Pad6)")
    (add_net "Net-(U6-Pad9)")
    (add_net O2_RX)
    (add_net O2_TX)
    (add_net Reset)
    (add_net SW_ERROR)
    (add_net SW_Flag1)
    (add_net SW_Flag2)
    (add_net TIVA_CO2_RX)
    (add_net TIVA_CO2_TX)
    (add_net TIVA_O2_RX)
    (add_net TIVA_O2_TX)
    (add_net TIVA_USB_RX)
    (add_net TIVA_USB_TX)
    (add_net USB_Data+)
    (add_net USB_Data-)
    (add_net USB_RX)
    (add_net USB_TX)
  )

  (module Capacitor_SMD:C_0603_1608Metric_Pad1.05x0.95mm_HandSolder (layer F.Cu) (tedit 5B301BBE) (tstamp 5DEEF03E)
    (at 139.551001 142.567001)
    (descr "Capacitor SMD 0603 (1608 Metric), square (rectangular) end terminal, IPC_7351 nominal with elongated pad for handsoldering. (Body size source: http://www.tortai-tech.com/upload/download/2011102023233369053.pdf), generated with kicad-footprint-generator")
    (tags "capacitor handsolder")
    (path /5DF1D24F)
    (attr smd)
    (fp_text reference C1 (at 0 -1.43) (layer F.SilkS)
      (effects (font (size 1 1) (thickness 0.15)))
    )
    (fp_text value "0.1 uF" (at 0 1.43) (layer F.Fab)
      (effects (font (size 1 1) (thickness 0.15)))
    )
    (fp_line (start -0.8 0.4) (end -0.8 -0.4) (layer F.Fab) (width 0.1))
    (fp_line (start -0.8 -0.4) (end 0.8 -0.4) (layer F.Fab) (width 0.1))
    (fp_line (start 0.8 -0.4) (end 0.8 0.4) (layer F.Fab) (width 0.1))
    (fp_line (start 0.8 0.4) (end -0.8 0.4) (layer F.Fab) (width 0.1))
    (fp_line (start -0.171267 -0.51) (end 0.171267 -0.51) (layer F.SilkS) (width 0.12))
    (fp_line (start -0.171267 0.51) (end 0.171267 0.51) (layer F.SilkS) (width 0.12))
    (fp_line (start -1.65 0.73) (end -1.65 -0.73) (layer F.CrtYd) (width 0.05))
    (fp_line (start -1.65 -0.73) (end 1.65 -0.73) (layer F.CrtYd) (width 0.05))
    (fp_line (start 1.65 -0.73) (end 1.65 0.73) (layer F.CrtYd) (width 0.05))
    (fp_line (start 1.65 0.73) (end -1.65 0.73) (layer F.CrtYd) (width 0.05))
    (fp_text user %R (at 0 0) (layer F.Fab)
      (effects (font (size 0.4 0.4) (thickness 0.06)))
    )
    (pad 1 smd roundrect (at -0.875 0) (size 1.05 0.95) (layers F.Cu F.Paste F.Mask) (roundrect_rratio 0.25)
      (net 1 "Net-(C1-Pad1)"))
    (pad 2 smd roundrect (at 0.875 0) (size 1.05 0.95) (layers F.Cu F.Paste F.Mask) (roundrect_rratio 0.25)
      (net 2 GND))
    (model ${KISYS3DMOD}/Capacitor_SMD.3dshapes/C_0603_1608Metric.wrl
      (at (xyz 0 0 0))
      (scale (xyz 1 1 1))
      (rotate (xyz 0 0 0))
    )
  )

  (module Capacitor_SMD:C_0603_1608Metric_Pad1.05x0.95mm_HandSolder (layer F.Cu) (tedit 5B301BBE) (tstamp 5DEEF04F)
    (at 222.761001 84.617001)
    (descr "Capacitor SMD 0603 (1608 Metric), square (rectangular) end terminal, IPC_7351 nominal with elongated pad for handsoldering. (Body size source: http://www.tortai-tech.com/upload/download/2011102023233369053.pdf), generated with kicad-footprint-generator")
    (tags "capacitor handsolder")
    (path /5DFB6D40)
    (attr smd)
    (fp_text reference C2 (at 0 -1.43) (layer F.SilkS)
      (effects (font (size 1 1) (thickness 0.15)))
    )
    (fp_text value ".1 uF" (at 0 1.43) (layer F.Fab)
      (effects (font (size 1 1) (thickness 0.15)))
    )
    (fp_text user %R (at 0 0) (layer F.Fab)
      (effects (font (size 0.4 0.4) (thickness 0.06)))
    )
    (fp_line (start 1.65 0.73) (end -1.65 0.73) (layer F.CrtYd) (width 0.05))
    (fp_line (start 1.65 -0.73) (end 1.65 0.73) (layer F.CrtYd) (width 0.05))
    (fp_line (start -1.65 -0.73) (end 1.65 -0.73) (layer F.CrtYd) (width 0.05))
    (fp_line (start -1.65 0.73) (end -1.65 -0.73) (layer F.CrtYd) (width 0.05))
    (fp_line (start -0.171267 0.51) (end 0.171267 0.51) (layer F.SilkS) (width 0.12))
    (fp_line (start -0.171267 -0.51) (end 0.171267 -0.51) (layer F.SilkS) (width 0.12))
    (fp_line (start 0.8 0.4) (end -0.8 0.4) (layer F.Fab) (width 0.1))
    (fp_line (start 0.8 -0.4) (end 0.8 0.4) (layer F.Fab) (width 0.1))
    (fp_line (start -0.8 -0.4) (end 0.8 -0.4) (layer F.Fab) (width 0.1))
    (fp_line (start -0.8 0.4) (end -0.8 -0.4) (layer F.Fab) (width 0.1))
    (pad 2 smd roundrect (at 0.875 0) (size 1.05 0.95) (layers F.Cu F.Paste F.Mask) (roundrect_rratio 0.25)
      (net 3 "Net-(C2-Pad2)"))
    (pad 1 smd roundrect (at -0.875 0) (size 1.05 0.95) (layers F.Cu F.Paste F.Mask) (roundrect_rratio 0.25)
      (net 4 Reset))
    (model ${KISYS3DMOD}/Capacitor_SMD.3dshapes/C_0603_1608Metric.wrl
      (at (xyz 0 0 0))
      (scale (xyz 1 1 1))
      (rotate (xyz 0 0 0))
    )
  )

  (module Capacitor_SMD:C_0603_1608Metric_Pad1.05x0.95mm_HandSolder (layer F.Cu) (tedit 5B301BBE) (tstamp 5DEEF060)
    (at 176.111001 136.837001)
    (descr "Capacitor SMD 0603 (1608 Metric), square (rectangular) end terminal, IPC_7351 nominal with elongated pad for handsoldering. (Body size source: http://www.tortai-tech.com/upload/download/2011102023233369053.pdf), generated with kicad-footprint-generator")
    (tags "capacitor handsolder")
    (path /5D998DA9)
    (attr smd)
    (fp_text reference C4 (at 0 -1.43) (layer F.SilkS)
      (effects (font (size 1 1) (thickness 0.15)))
    )
    (fp_text value 10uF (at 0 1.43) (layer F.Fab)
      (effects (font (size 1 1) (thickness 0.15)))
    )
    (fp_text user %R (at 0 0) (layer F.Fab)
      (effects (font (size 0.4 0.4) (thickness 0.06)))
    )
    (fp_line (start 1.65 0.73) (end -1.65 0.73) (layer F.CrtYd) (width 0.05))
    (fp_line (start 1.65 -0.73) (end 1.65 0.73) (layer F.CrtYd) (width 0.05))
    (fp_line (start -1.65 -0.73) (end 1.65 -0.73) (layer F.CrtYd) (width 0.05))
    (fp_line (start -1.65 0.73) (end -1.65 -0.73) (layer F.CrtYd) (width 0.05))
    (fp_line (start -0.171267 0.51) (end 0.171267 0.51) (layer F.SilkS) (width 0.12))
    (fp_line (start -0.171267 -0.51) (end 0.171267 -0.51) (layer F.SilkS) (width 0.12))
    (fp_line (start 0.8 0.4) (end -0.8 0.4) (layer F.Fab) (width 0.1))
    (fp_line (start 0.8 -0.4) (end 0.8 0.4) (layer F.Fab) (width 0.1))
    (fp_line (start -0.8 -0.4) (end 0.8 -0.4) (layer F.Fab) (width 0.1))
    (fp_line (start -0.8 0.4) (end -0.8 -0.4) (layer F.Fab) (width 0.1))
    (pad 2 smd roundrect (at 0.875 0) (size 1.05 0.95) (layers F.Cu F.Paste F.Mask) (roundrect_rratio 0.25)
      (net 2 GND))
    (pad 1 smd roundrect (at -0.875 0) (size 1.05 0.95) (layers F.Cu F.Paste F.Mask) (roundrect_rratio 0.25)
      (net 5 +12V))
    (model ${KISYS3DMOD}/Capacitor_SMD.3dshapes/C_0603_1608Metric.wrl
      (at (xyz 0 0 0))
      (scale (xyz 1 1 1))
      (rotate (xyz 0 0 0))
    )
  )

  (module Capacitor_SMD:C_0603_1608Metric_Pad1.05x0.95mm_HandSolder (layer F.Cu) (tedit 5B301BBE) (tstamp 5DEEF071)
    (at 227.111001 84.617001)
    (descr "Capacitor SMD 0603 (1608 Metric), square (rectangular) end terminal, IPC_7351 nominal with elongated pad for handsoldering. (Body size source: http://www.tortai-tech.com/upload/download/2011102023233369053.pdf), generated with kicad-footprint-generator")
    (tags "capacitor handsolder")
    (path /5D99AB10)
    (attr smd)
    (fp_text reference C5 (at 0 -1.43) (layer F.SilkS)
      (effects (font (size 1 1) (thickness 0.15)))
    )
    (fp_text value 10uF (at 0 1.43) (layer F.Fab)
      (effects (font (size 1 1) (thickness 0.15)))
    )
    (fp_line (start -0.8 0.4) (end -0.8 -0.4) (layer F.Fab) (width 0.1))
    (fp_line (start -0.8 -0.4) (end 0.8 -0.4) (layer F.Fab) (width 0.1))
    (fp_line (start 0.8 -0.4) (end 0.8 0.4) (layer F.Fab) (width 0.1))
    (fp_line (start 0.8 0.4) (end -0.8 0.4) (layer F.Fab) (width 0.1))
    (fp_line (start -0.171267 -0.51) (end 0.171267 -0.51) (layer F.SilkS) (width 0.12))
    (fp_line (start -0.171267 0.51) (end 0.171267 0.51) (layer F.SilkS) (width 0.12))
    (fp_line (start -1.65 0.73) (end -1.65 -0.73) (layer F.CrtYd) (width 0.05))
    (fp_line (start -1.65 -0.73) (end 1.65 -0.73) (layer F.CrtYd) (width 0.05))
    (fp_line (start 1.65 -0.73) (end 1.65 0.73) (layer F.CrtYd) (width 0.05))
    (fp_line (start 1.65 0.73) (end -1.65 0.73) (layer F.CrtYd) (width 0.05))
    (fp_text user %R (at 0 0) (layer F.Fab)
      (effects (font (size 0.4 0.4) (thickness 0.06)))
    )
    (pad 1 smd roundrect (at -0.875 0) (size 1.05 0.95) (layers F.Cu F.Paste F.Mask) (roundrect_rratio 0.25)
      (net 5 +12V))
    (pad 2 smd roundrect (at 0.875 0) (size 1.05 0.95) (layers F.Cu F.Paste F.Mask) (roundrect_rratio 0.25)
      (net 2 GND))
    (model ${KISYS3DMOD}/Capacitor_SMD.3dshapes/C_0603_1608Metric.wrl
      (at (xyz 0 0 0))
      (scale (xyz 1 1 1))
      (rotate (xyz 0 0 0))
    )
  )

  (module Capacitor_SMD:C_0603_1608Metric_Pad1.05x0.95mm_HandSolder (layer F.Cu) (tedit 5B301BBE) (tstamp 5DEEF082)
    (at 222.761001 87.127001)
    (descr "Capacitor SMD 0603 (1608 Metric), square (rectangular) end terminal, IPC_7351 nominal with elongated pad for handsoldering. (Body size source: http://www.tortai-tech.com/upload/download/2011102023233369053.pdf), generated with kicad-footprint-generator")
    (tags "capacitor handsolder")
    (path /5D99A799)
    (attr smd)
    (fp_text reference C6 (at 0 -1.43) (layer F.SilkS)
      (effects (font (size 1 1) (thickness 0.15)))
    )
    (fp_text value 10uF (at 0 1.43) (layer F.Fab)
      (effects (font (size 1 1) (thickness 0.15)))
    )
    (fp_line (start -0.8 0.4) (end -0.8 -0.4) (layer F.Fab) (width 0.1))
    (fp_line (start -0.8 -0.4) (end 0.8 -0.4) (layer F.Fab) (width 0.1))
    (fp_line (start 0.8 -0.4) (end 0.8 0.4) (layer F.Fab) (width 0.1))
    (fp_line (start 0.8 0.4) (end -0.8 0.4) (layer F.Fab) (width 0.1))
    (fp_line (start -0.171267 -0.51) (end 0.171267 -0.51) (layer F.SilkS) (width 0.12))
    (fp_line (start -0.171267 0.51) (end 0.171267 0.51) (layer F.SilkS) (width 0.12))
    (fp_line (start -1.65 0.73) (end -1.65 -0.73) (layer F.CrtYd) (width 0.05))
    (fp_line (start -1.65 -0.73) (end 1.65 -0.73) (layer F.CrtYd) (width 0.05))
    (fp_line (start 1.65 -0.73) (end 1.65 0.73) (layer F.CrtYd) (width 0.05))
    (fp_line (start 1.65 0.73) (end -1.65 0.73) (layer F.CrtYd) (width 0.05))
    (fp_text user %R (at 0 0) (layer F.Fab)
      (effects (font (size 0.4 0.4) (thickness 0.06)))
    )
    (pad 1 smd roundrect (at -0.875 0) (size 1.05 0.95) (layers F.Cu F.Paste F.Mask) (roundrect_rratio 0.25)
      (net 6 +5V))
    (pad 2 smd roundrect (at 0.875 0) (size 1.05 0.95) (layers F.Cu F.Paste F.Mask) (roundrect_rratio 0.25)
      (net 2 GND))
    (model ${KISYS3DMOD}/Capacitor_SMD.3dshapes/C_0603_1608Metric.wrl
      (at (xyz 0 0 0))
      (scale (xyz 1 1 1))
      (rotate (xyz 0 0 0))
    )
  )

  (module Capacitor_SMD:C_0603_1608Metric_Pad1.05x0.95mm_HandSolder (layer F.Cu) (tedit 5B301BBE) (tstamp 5DEEF093)
    (at 195.281001 115.277001)
    (descr "Capacitor SMD 0603 (1608 Metric), square (rectangular) end terminal, IPC_7351 nominal with elongated pad for handsoldering. (Body size source: http://www.tortai-tech.com/upload/download/2011102023233369053.pdf), generated with kicad-footprint-generator")
    (tags "capacitor handsolder")
    (path /5D99AFE7)
    (attr smd)
    (fp_text reference C7 (at 0 -1.43) (layer F.SilkS)
      (effects (font (size 1 1) (thickness 0.15)))
    )
    (fp_text value 10uF (at 0 1.43) (layer F.Fab)
      (effects (font (size 1 1) (thickness 0.15)))
    )
    (fp_text user %R (at 0 0) (layer F.Fab)
      (effects (font (size 0.4 0.4) (thickness 0.06)))
    )
    (fp_line (start 1.65 0.73) (end -1.65 0.73) (layer F.CrtYd) (width 0.05))
    (fp_line (start 1.65 -0.73) (end 1.65 0.73) (layer F.CrtYd) (width 0.05))
    (fp_line (start -1.65 -0.73) (end 1.65 -0.73) (layer F.CrtYd) (width 0.05))
    (fp_line (start -1.65 0.73) (end -1.65 -0.73) (layer F.CrtYd) (width 0.05))
    (fp_line (start -0.171267 0.51) (end 0.171267 0.51) (layer F.SilkS) (width 0.12))
    (fp_line (start -0.171267 -0.51) (end 0.171267 -0.51) (layer F.SilkS) (width 0.12))
    (fp_line (start 0.8 0.4) (end -0.8 0.4) (layer F.Fab) (width 0.1))
    (fp_line (start 0.8 -0.4) (end 0.8 0.4) (layer F.Fab) (width 0.1))
    (fp_line (start -0.8 -0.4) (end 0.8 -0.4) (layer F.Fab) (width 0.1))
    (fp_line (start -0.8 0.4) (end -0.8 -0.4) (layer F.Fab) (width 0.1))
    (pad 2 smd roundrect (at 0.875 0) (size 1.05 0.95) (layers F.Cu F.Paste F.Mask) (roundrect_rratio 0.25)
      (net 2 GND))
    (pad 1 smd roundrect (at -0.875 0) (size 1.05 0.95) (layers F.Cu F.Paste F.Mask) (roundrect_rratio 0.25)
      (net 7 +3V3))
    (model ${KISYS3DMOD}/Capacitor_SMD.3dshapes/C_0603_1608Metric.wrl
      (at (xyz 0 0 0))
      (scale (xyz 1 1 1))
      (rotate (xyz 0 0 0))
    )
  )

  (module MRDT_Connectors:MOLEX_SL_04_Vertical (layer F.Cu) (tedit 5C675A88) (tstamp 5DEEF0A3)
    (at 238.991001 63.371001)
    (path /5DEE73BB)
    (fp_text reference Conn1 (at -4.445 3.302) (layer F.SilkS) hide
      (effects (font (size 1 1) (thickness 0.15)))
    )
    (fp_text value Molex_SL_04 (at -0.254 3.302) (layer F.Fab)
      (effects (font (size 1 1) (thickness 0.15)))
    )
    (fp_line (start 6.35 -4.064) (end -6.35 -4.064) (layer F.SilkS) (width 0.15))
    (fp_line (start 6.35 -2.54) (end 6.35 -4.064) (layer F.SilkS) (width 0.15))
    (fp_line (start -6.35 -4.064) (end -6.35 -2.54) (layer F.SilkS) (width 0.15))
    (fp_line (start 6.35 2.54) (end -6.35 2.54) (layer F.SilkS) (width 0.15))
    (fp_line (start -6.35 -2.54) (end 6.35 -2.54) (layer F.SilkS) (width 0.15))
    (fp_line (start 6.35 2.54) (end 6.35 -2.54) (layer F.SilkS) (width 0.15))
    (fp_line (start -6.35 2.54) (end -6.35 -2.54) (layer F.SilkS) (width 0.15))
    (pad 1 thru_hole circle (at -3.81 0) (size 1.524 1.524) (drill 0.9) (layers *.Cu *.Mask)
      (net 6 +5V))
    (pad 2 thru_hole circle (at -1.27 0) (size 1.524 1.524) (drill 0.9) (layers *.Cu *.Mask)
      (net 2 GND))
    (pad 3 thru_hole circle (at 1.27 0) (size 1.524 1.524) (drill 0.9) (layers *.Cu *.Mask)
      (net 8 O2_TX))
    (pad 4 thru_hole circle (at 3.81 0) (size 1.524 1.524) (drill 0.9) (layers *.Cu *.Mask)
      (net 9 O2_RX))
    (pad 4 thru_hole circle (at 3.81 0) (size 1.524 1.524) (drill 0.9) (layers *.Cu *.Mask)
      (net 9 O2_RX))
    (model "${MRDT_KICAD_LIBRARIES}/3D Files/MRDT_Connctors/Molex_SL_04_Vertical.stp"
      (offset (xyz -6.349999904632568 -2.539999961853027 13.33499979972839))
      (scale (xyz 1 1 1))
      (rotate (xyz 90 0 0))
    )
  )

  (module MRDT_Connectors:Anderson_2_Horizontal_Side_by_Side (layer F.Cu) (tedit 5C22EDE8) (tstamp 5DEEF0C1)
    (at 230.886 160.274)
    (path /5D993C68)
    (fp_text reference Conn2 (at -1.8796 0.762) (layer F.SilkS) hide
      (effects (font (size 1 1) (thickness 0.15)))
    )
    (fp_text value AndersonPP (at -12.8651 -16.764) (layer F.Fab)
      (effects (font (size 1 1) (thickness 0.15)))
    )
    (fp_arc (start -14.5796 0) (end -14.5796 -1.1176) (angle 90) (layer F.SilkS) (width 0.15))
    (fp_arc (start -14.5796 0) (end -15.6972 0) (angle 90) (layer F.SilkS) (width 0.15))
    (fp_line (start -24.638 -15.748) (end -24.638 0) (layer F.SilkS) (width 0.15))
    (fp_line (start 0 -15.748) (end 0 0) (layer F.SilkS) (width 0.15))
    (fp_line (start -15.7226 -15.748) (end -16.9418 -15.748) (layer F.SilkS) (width 0.15))
    (fp_arc (start -14.5796 -15.748) (end -13.4366 -15.748) (angle 90) (layer F.SilkS) (width 0.15))
    (fp_arc (start -14.5796 -15.748) (end -14.5796 -14.605) (angle 90) (layer F.SilkS) (width 0.15))
    (fp_line (start -12.2682 0) (end -13.462 0) (layer F.SilkS) (width 0.15))
    (fp_line (start -14.5796 -2.3114) (end -14.5796 -1.143) (layer F.SilkS) (width 0.15))
    (fp_line (start -16.891 0) (end -15.7226 0) (layer F.SilkS) (width 0.15))
    (fp_line (start -12.319 -15.748) (end -13.4112 -15.748) (layer F.SilkS) (width 0.15))
    (fp_line (start -14.5796 -14.605) (end -14.5796 -13.4366) (layer F.SilkS) (width 0.15))
    (fp_line (start -14.5796 -5.588) (end -14.5796 -6.731) (layer F.SilkS) (width 0.15))
    (fp_line (start -24.6126 -7.8994) (end -15.7226 -7.8994) (layer F.SilkS) (width 0.15))
    (fp_line (start -14.5796 -10.16) (end -14.5796 -9.017) (layer F.SilkS) (width 0.15))
    (fp_line (start -12.2936 -7.874) (end -13.4366 -7.874) (layer F.SilkS) (width 0.15))
    (fp_line (start -14.5796 -5.588) (end -14.5796 -2.286) (layer F.SilkS) (width 0.15))
    (fp_line (start -12.2936 -7.874) (end 0 -7.874) (layer F.SilkS) (width 0.15))
    (fp_line (start -14.5796 -10.16) (end -14.5796 -13.4366) (layer F.SilkS) (width 0.15))
    (fp_circle (center -14.5796 -7.874) (end -14.5796 -6.731) (layer F.SilkS) (width 0.15))
    (fp_line (start -12.2936 0) (end 0 0) (layer F.SilkS) (width 0.15))
    (fp_line (start -16.8656 0) (end -24.6126 0) (layer F.SilkS) (width 0.15))
    (fp_line (start -24.6126 -15.748) (end -16.8656 -15.748) (layer F.SilkS) (width 0.15))
    (fp_line (start -12.2936 -15.748) (end 0 -15.748) (layer F.SilkS) (width 0.15))
    (pad 2 thru_hole circle (at 3.5814 -3.937) (size 5.08 5.08) (drill 4.06) (layers *.Cu *.Mask F.Paste)
      (net 5 +12V))
    (pad 1 thru_hole circle (at 3.5814 -11.811) (size 5.08 5.08) (drill 4.06) (layers *.Cu *.Mask F.Paste)
      (net 2 GND))
    (model "${MRDT_KICAD_LIBRARIES}/3D Files/MRDT_Connctors/Anderson_2_Horizontal_Side_by_Side.stp"
      (offset (xyz 0 0 7.619999885559082))
      (scale (xyz 1 1 1))
      (rotate (xyz 180 0 180))
    )
  )

  (module MRDT_Connectors:MOLEX_SL_04_Vertical (layer F.Cu) (tedit 5C675A88) (tstamp 5DEEF0D1)
    (at 125.741001 137.211001)
    (path /5DEFD765)
    (fp_text reference Conn3 (at -4.445 3.302) (layer F.SilkS) hide
      (effects (font (size 1 1) (thickness 0.15)))
    )
    (fp_text value Molex_SL_04 (at -0.254 3.302) (layer F.Fab)
      (effects (font (size 1 1) (thickness 0.15)))
    )
    (fp_line (start -6.35 2.54) (end -6.35 -2.54) (layer F.SilkS) (width 0.15))
    (fp_line (start 6.35 2.54) (end 6.35 -2.54) (layer F.SilkS) (width 0.15))
    (fp_line (start -6.35 -2.54) (end 6.35 -2.54) (layer F.SilkS) (width 0.15))
    (fp_line (start 6.35 2.54) (end -6.35 2.54) (layer F.SilkS) (width 0.15))
    (fp_line (start -6.35 -4.064) (end -6.35 -2.54) (layer F.SilkS) (width 0.15))
    (fp_line (start 6.35 -2.54) (end 6.35 -4.064) (layer F.SilkS) (width 0.15))
    (fp_line (start 6.35 -4.064) (end -6.35 -4.064) (layer F.SilkS) (width 0.15))
    (pad 4 thru_hole circle (at 3.81 0) (size 1.524 1.524) (drill 0.9) (layers *.Cu *.Mask)
      (net 10 C02_RX))
    (pad 4 thru_hole circle (at 3.81 0) (size 1.524 1.524) (drill 0.9) (layers *.Cu *.Mask)
      (net 10 C02_RX))
    (pad 3 thru_hole circle (at 1.27 0) (size 1.524 1.524) (drill 0.9) (layers *.Cu *.Mask)
      (net 11 C02_TX))
    (pad 2 thru_hole circle (at -1.27 0) (size 1.524 1.524) (drill 0.9) (layers *.Cu *.Mask)
      (net 2 GND))
    (pad 1 thru_hole circle (at -3.81 0) (size 1.524 1.524) (drill 0.9) (layers *.Cu *.Mask)
      (net 6 +5V))
    (model "${MRDT_KICAD_LIBRARIES}/3D Files/MRDT_Connctors/Molex_SL_04_Vertical.stp"
      (offset (xyz -6.349999904632568 -2.539999961853027 13.33499979972839))
      (scale (xyz 1 1 1))
      (rotate (xyz 90 0 0))
    )
  )

  (module MRDT_Connectors:MOLEX_SL_05_Vertical (layer F.Cu) (tedit 5C22ECA6) (tstamp 5DEEF0E1)
    (at 110.621001 137.211001)
    (path /5D9B0CF4)
    (fp_text reference Conn4 (at -5.715 3.302) (layer F.SilkS) hide
      (effects (font (size 1 1) (thickness 0.15)))
    )
    (fp_text value Molex_SL_05 (at 0 3.302) (layer F.Fab)
      (effects (font (size 1 1) (thickness 0.15)))
    )
    (fp_line (start 7.62 -4.064) (end -7.62 -4.064) (layer F.SilkS) (width 0.15))
    (fp_line (start 7.62 -2.54) (end 7.62 -4.064) (layer F.SilkS) (width 0.15))
    (fp_line (start -7.62 -4.064) (end -7.62 -2.54) (layer F.SilkS) (width 0.15))
    (fp_line (start 7.62 2.54) (end -7.62 2.54) (layer F.SilkS) (width 0.15))
    (fp_line (start -7.62 -2.54) (end 7.62 -2.54) (layer F.SilkS) (width 0.15))
    (fp_line (start 7.62 2.54) (end 7.62 -2.54) (layer F.SilkS) (width 0.15))
    (fp_line (start -7.62 2.54) (end -7.62 -2.54) (layer F.SilkS) (width 0.15))
    (pad 1 thru_hole circle (at -5.08 0) (size 1.524 1.524) (drill 0.9) (layers *.Cu *.Mask)
      (net 7 +3V3))
    (pad 2 thru_hole circle (at -2.54 0) (size 1.524 1.524) (drill 0.9) (layers *.Cu *.Mask)
      (net 2 GND))
    (pad 3 thru_hole circle (at 0 0) (size 1.524 1.524) (drill 0.9) (layers *.Cu *.Mask)
      (net 12 CCD_INT2))
    (pad 4 thru_hole circle (at 2.54 0) (size 1.524 1.524) (drill 0.9) (layers *.Cu *.Mask)
      (net 13 CCD_INT1))
    (pad 5 thru_hole circle (at 5.08 0) (size 1.524 1.524) (drill 0.9) (layers *.Cu *.Mask)
      (net 14 CCD_OS))
    (model "${MRDT_KICAD_LIBRARIES}/3D Files/MRDT_Connctors/Molex_SL_05_Vertical.stp"
      (offset (xyz -7.619999885559082 -2.539999961853027 13.33499979972839))
      (scale (xyz 1 1 1))
      (rotate (xyz 90 0 0))
    )
  )

  (module MRDT_Connectors:Anderson_2_Horizontal_Side_by_Side (layer F.Cu) (tedit 5C22EDE8) (tstamp 5DEEF0FF)
    (at 281.94 72.136)
    (path /5E105269)
    (fp_text reference Conn5 (at -1.8796 0.762) (layer F.SilkS) hide
      (effects (font (size 1 1) (thickness 0.15)))
    )
    (fp_text value "12v Boost" (at -12.8651 -16.764) (layer F.Fab)
      (effects (font (size 1 1) (thickness 0.15)))
    )
    (fp_arc (start -14.5796 0) (end -14.5796 -1.1176) (angle 90) (layer F.SilkS) (width 0.15))
    (fp_arc (start -14.5796 0) (end -15.6972 0) (angle 90) (layer F.SilkS) (width 0.15))
    (fp_line (start -24.638 -15.748) (end -24.638 0) (layer F.SilkS) (width 0.15))
    (fp_line (start 0 -15.748) (end 0 0) (layer F.SilkS) (width 0.15))
    (fp_line (start -15.7226 -15.748) (end -16.9418 -15.748) (layer F.SilkS) (width 0.15))
    (fp_arc (start -14.5796 -15.748) (end -13.4366 -15.748) (angle 90) (layer F.SilkS) (width 0.15))
    (fp_arc (start -14.5796 -15.748) (end -14.5796 -14.605) (angle 90) (layer F.SilkS) (width 0.15))
    (fp_line (start -12.2682 0) (end -13.462 0) (layer F.SilkS) (width 0.15))
    (fp_line (start -14.5796 -2.3114) (end -14.5796 -1.143) (layer F.SilkS) (width 0.15))
    (fp_line (start -16.891 0) (end -15.7226 0) (layer F.SilkS) (width 0.15))
    (fp_line (start -12.319 -15.748) (end -13.4112 -15.748) (layer F.SilkS) (width 0.15))
    (fp_line (start -14.5796 -14.605) (end -14.5796 -13.4366) (layer F.SilkS) (width 0.15))
    (fp_line (start -14.5796 -5.588) (end -14.5796 -6.731) (layer F.SilkS) (width 0.15))
    (fp_line (start -24.6126 -7.8994) (end -15.7226 -7.8994) (layer F.SilkS) (width 0.15))
    (fp_line (start -14.5796 -10.16) (end -14.5796 -9.017) (layer F.SilkS) (width 0.15))
    (fp_line (start -12.2936 -7.874) (end -13.4366 -7.874) (layer F.SilkS) (width 0.15))
    (fp_line (start -14.5796 -5.588) (end -14.5796 -2.286) (layer F.SilkS) (width 0.15))
    (fp_line (start -12.2936 -7.874) (end 0 -7.874) (layer F.SilkS) (width 0.15))
    (fp_line (start -14.5796 -10.16) (end -14.5796 -13.4366) (layer F.SilkS) (width 0.15))
    (fp_circle (center -14.5796 -7.874) (end -14.5796 -6.731) (layer F.SilkS) (width 0.15))
    (fp_line (start -12.2936 0) (end 0 0) (layer F.SilkS) (width 0.15))
    (fp_line (start -16.8656 0) (end -24.6126 0) (layer F.SilkS) (width 0.15))
    (fp_line (start -24.6126 -15.748) (end -16.8656 -15.748) (layer F.SilkS) (width 0.15))
    (fp_line (start -12.2936 -15.748) (end 0 -15.748) (layer F.SilkS) (width 0.15))
    (pad 2 thru_hole circle (at 3.5814 -3.937) (size 5.08 5.08) (drill 4.06) (layers *.Cu *.Mask F.Paste)
      (net 5 +12V))
    (pad 1 thru_hole circle (at 3.5814 -11.811) (size 5.08 5.08) (drill 4.06) (layers *.Cu *.Mask F.Paste))
    (model "${MRDT_KICAD_LIBRARIES}/3D Files/MRDT_Connctors/Anderson_2_Horizontal_Side_by_Side.stp"
      (offset (xyz 0 0 7.619999885559082))
      (scale (xyz 1 1 1))
      (rotate (xyz 180 0 180))
    )
  )

  (module MRDT_Connectors:Anderson_2_Horizontal_Side_by_Side (layer F.Cu) (tedit 5C22EDE8) (tstamp 5DEEF11D)
    (at 255.778 99.822)
    (path /5E1058D4)
    (fp_text reference Conn6 (at -1.8796 0.762) (layer F.SilkS) hide
      (effects (font (size 1 1) (thickness 0.15)))
    )
    (fp_text value "24v Boost" (at -12.8651 -16.764) (layer F.Fab)
      (effects (font (size 1 1) (thickness 0.15)))
    )
    (fp_line (start -12.2936 -15.748) (end 0 -15.748) (layer F.SilkS) (width 0.15))
    (fp_line (start -24.6126 -15.748) (end -16.8656 -15.748) (layer F.SilkS) (width 0.15))
    (fp_line (start -16.8656 0) (end -24.6126 0) (layer F.SilkS) (width 0.15))
    (fp_line (start -12.2936 0) (end 0 0) (layer F.SilkS) (width 0.15))
    (fp_circle (center -14.5796 -7.874) (end -14.5796 -6.731) (layer F.SilkS) (width 0.15))
    (fp_line (start -14.5796 -10.16) (end -14.5796 -13.4366) (layer F.SilkS) (width 0.15))
    (fp_line (start -12.2936 -7.874) (end 0 -7.874) (layer F.SilkS) (width 0.15))
    (fp_line (start -14.5796 -5.588) (end -14.5796 -2.286) (layer F.SilkS) (width 0.15))
    (fp_line (start -12.2936 -7.874) (end -13.4366 -7.874) (layer F.SilkS) (width 0.15))
    (fp_line (start -14.5796 -10.16) (end -14.5796 -9.017) (layer F.SilkS) (width 0.15))
    (fp_line (start -24.6126 -7.8994) (end -15.7226 -7.8994) (layer F.SilkS) (width 0.15))
    (fp_line (start -14.5796 -5.588) (end -14.5796 -6.731) (layer F.SilkS) (width 0.15))
    (fp_line (start -14.5796 -14.605) (end -14.5796 -13.4366) (layer F.SilkS) (width 0.15))
    (fp_line (start -12.319 -15.748) (end -13.4112 -15.748) (layer F.SilkS) (width 0.15))
    (fp_line (start -16.891 0) (end -15.7226 0) (layer F.SilkS) (width 0.15))
    (fp_line (start -14.5796 -2.3114) (end -14.5796 -1.143) (layer F.SilkS) (width 0.15))
    (fp_line (start -12.2682 0) (end -13.462 0) (layer F.SilkS) (width 0.15))
    (fp_arc (start -14.5796 -15.748) (end -14.5796 -14.605) (angle 90) (layer F.SilkS) (width 0.15))
    (fp_arc (start -14.5796 -15.748) (end -13.4366 -15.748) (angle 90) (layer F.SilkS) (width 0.15))
    (fp_line (start -15.7226 -15.748) (end -16.9418 -15.748) (layer F.SilkS) (width 0.15))
    (fp_line (start 0 -15.748) (end 0 0) (layer F.SilkS) (width 0.15))
    (fp_line (start -24.638 -15.748) (end -24.638 0) (layer F.SilkS) (width 0.15))
    (fp_arc (start -14.5796 0) (end -15.6972 0) (angle 90) (layer F.SilkS) (width 0.15))
    (fp_arc (start -14.5796 0) (end -14.5796 -1.1176) (angle 90) (layer F.SilkS) (width 0.15))
    (pad 1 thru_hole circle (at 3.5814 -11.811) (size 5.08 5.08) (drill 4.06) (layers *.Cu *.Mask F.Paste))
    (pad 2 thru_hole circle (at 3.5814 -3.937) (size 5.08 5.08) (drill 4.06) (layers *.Cu *.Mask F.Paste)
      (net 15 +24V))
    (model "${MRDT_KICAD_LIBRARIES}/3D Files/MRDT_Connctors/Anderson_2_Horizontal_Side_by_Side.stp"
      (offset (xyz 0 0 7.619999885559082))
      (scale (xyz 1 1 1))
      (rotate (xyz 180 0 180))
    )
  )

  (module MRDT_Connectors:Anderson_2_Horizontal_Stacked (layer F.Cu) (tedit 5C22EE21) (tstamp 5DEEF133)
    (at 293.878 112.268)
    (path /5E1070D1)
    (fp_text reference Conn7 (at -5.461 4.826) (layer F.Fab) hide
      (effects (font (size 1 1) (thickness 0.15)))
    )
    (fp_text value "12v Boost GND" (at -15.621 -4.699) (layer F.Fab)
      (effects (font (size 1 1) (thickness 0.15)))
    )
    (fp_line (start -20.447 4.064) (end -28.194 4.064) (layer F.SilkS) (width 0.15))
    (fp_line (start -15.875 4.064) (end -3.5814 4.064) (layer F.SilkS) (width 0.15))
    (fp_line (start -15.875 -3.81) (end -3.5814 -3.81) (layer F.SilkS) (width 0.15))
    (fp_line (start -18.161 -1.524) (end -18.161 1.778) (layer F.SilkS) (width 0.15))
    (fp_line (start -15.875 -3.81) (end -17.018 -3.81) (layer F.SilkS) (width 0.15))
    (fp_line (start -28.194 -3.8354) (end -19.304 -3.8354) (layer F.SilkS) (width 0.15))
    (fp_line (start -18.161 -1.524) (end -18.161 -2.667) (layer F.SilkS) (width 0.15))
    (fp_line (start -20.4724 4.064) (end -19.304 4.064) (layer F.SilkS) (width 0.15))
    (fp_line (start -18.161 1.7526) (end -18.161 2.921) (layer F.SilkS) (width 0.15))
    (fp_line (start -15.8496 4.064) (end -17.0434 4.064) (layer F.SilkS) (width 0.15))
    (fp_arc (start -18.161 4.064) (end -19.2786 4.064) (angle 90) (layer F.SilkS) (width 0.15))
    (fp_arc (start -18.161 4.064) (end -18.161 2.9464) (angle 90) (layer F.SilkS) (width 0.15))
    (fp_line (start -3.556 4.064) (end -3.556 -3.81) (layer F.SilkS) (width 0.15))
    (fp_line (start -28.194 -3.81) (end -28.194 4.064) (layer F.SilkS) (width 0.15))
    (fp_arc (start -18.161 -3.81) (end -17.018 -3.81) (angle 90) (layer F.SilkS) (width 0.15))
    (fp_arc (start -18.161 -3.81) (end -18.161 -2.667) (angle 90) (layer F.SilkS) (width 0.15))
    (pad 4 thru_hole circle (at 7.874 0) (size 5.08 5.08) (drill 4.06) (layers *.Cu *.Mask F.Paste))
    (pad 1 thru_hole circle (at 0 0) (size 5.08 5.08) (drill 4.06) (layers *.Cu *.Mask F.Paste)
      (net 2 GND))
    (model "${MRDT_KICAD_LIBRARIES}/3D Files/MRDT_Connctors/Anderson_2_Horisontal_Stacked.stp"
      (offset (xyz -3.809999942779541 -3.809999942779541 7.619999885559082))
      (scale (xyz 1 1 1))
      (rotate (xyz 180 0 180))
    )
  )

  (module MRDT_Connectors:Anderson_2_Horizontal_Stacked (layer F.Cu) (tedit 5C22EE21) (tstamp 5DEEF149)
    (at 293.878 101.854)
    (path /5E112038)
    (fp_text reference Conn8 (at -5.461 4.826) (layer F.Fab) hide
      (effects (font (size 1 1) (thickness 0.15)))
    )
    (fp_text value "24v Boost GND" (at -15.621 -4.699) (layer F.Fab)
      (effects (font (size 1 1) (thickness 0.15)))
    )
    (fp_arc (start -18.161 -3.81) (end -18.161 -2.667) (angle 90) (layer F.SilkS) (width 0.15))
    (fp_arc (start -18.161 -3.81) (end -17.018 -3.81) (angle 90) (layer F.SilkS) (width 0.15))
    (fp_line (start -28.194 -3.81) (end -28.194 4.064) (layer F.SilkS) (width 0.15))
    (fp_line (start -3.556 4.064) (end -3.556 -3.81) (layer F.SilkS) (width 0.15))
    (fp_arc (start -18.161 4.064) (end -18.161 2.9464) (angle 90) (layer F.SilkS) (width 0.15))
    (fp_arc (start -18.161 4.064) (end -19.2786 4.064) (angle 90) (layer F.SilkS) (width 0.15))
    (fp_line (start -15.8496 4.064) (end -17.0434 4.064) (layer F.SilkS) (width 0.15))
    (fp_line (start -18.161 1.7526) (end -18.161 2.921) (layer F.SilkS) (width 0.15))
    (fp_line (start -20.4724 4.064) (end -19.304 4.064) (layer F.SilkS) (width 0.15))
    (fp_line (start -18.161 -1.524) (end -18.161 -2.667) (layer F.SilkS) (width 0.15))
    (fp_line (start -28.194 -3.8354) (end -19.304 -3.8354) (layer F.SilkS) (width 0.15))
    (fp_line (start -15.875 -3.81) (end -17.018 -3.81) (layer F.SilkS) (width 0.15))
    (fp_line (start -18.161 -1.524) (end -18.161 1.778) (layer F.SilkS) (width 0.15))
    (fp_line (start -15.875 -3.81) (end -3.5814 -3.81) (layer F.SilkS) (width 0.15))
    (fp_line (start -15.875 4.064) (end -3.5814 4.064) (layer F.SilkS) (width 0.15))
    (fp_line (start -20.447 4.064) (end -28.194 4.064) (layer F.SilkS) (width 0.15))
    (pad 1 thru_hole circle (at 0 0) (size 5.08 5.08) (drill 4.06) (layers *.Cu *.Mask F.Paste)
      (net 2 GND))
    (pad 4 thru_hole circle (at 7.874 0) (size 5.08 5.08) (drill 4.06) (layers *.Cu *.Mask F.Paste))
    (model "${MRDT_KICAD_LIBRARIES}/3D Files/MRDT_Connctors/Anderson_2_Horisontal_Stacked.stp"
      (offset (xyz -3.809999942779541 -3.809999942779541 7.619999885559082))
      (scale (xyz 1 1 1))
      (rotate (xyz 180 0 180))
    )
  )

  (module MRDT_Connectors:Anderson_2_Horizontal_Stacked (layer F.Cu) (tedit 5C22EE21) (tstamp 5DEEF15F)
    (at 274.828 143.764)
