(kicad_pcb (version 20171130) (host pcbnew "(5.1.10)-1")

  (general
    (thickness 1.6)
    (drawings 29)
    (tracks 0)
    (zones 0)
    (modules 100)
    (nets 128)
  )

  (page A4)
  (layers
    (0 F.Cu signal)
    (31 B.Cu signal)
    (32 B.Adhes user)
    (33 F.Adhes user)
    (34 B.Paste user)
    (35 F.Paste user)
    (36 B.SilkS user)
    (37 F.SilkS user)
    (38 B.Mask user)
    (39 F.Mask user)
    (40 Dwgs.User user)
    (41 Cmts.User user)
    (42 Eco1.User user)
    (43 Eco2.User user)
    (44 Edge.Cuts user)
    (45 Margin user)
    (46 B.CrtYd user)
    (47 F.CrtYd user)
    (48 B.Fab user)
    (49 F.Fab user hide)
  )

  (setup
    (last_trace_width 0.25)
    (user_trace_width 0.254)
    (user_trace_width 0.254)
    (user_trace_width 0.381)
    (user_trace_width 0.508)
    (user_trace_width 0.508)
    (user_trace_width 0.635)
    (user_trace_width 0.762)
    (user_trace_width 1.27)
    (user_trace_width 1.27)
    (user_trace_width 2.54)
    (user_trace_width 5.08)
    (user_trace_width 7.62)
    (trace_clearance 0.2)
    (zone_clearance 0.508)
    (zone_45_only no)
    (trace_min 0.2)
    (via_size 0.8)
    (via_drill 0.4)
    (via_min_size 0.4)
    (via_min_drill 0.3)
    (uvia_size 0.3)
    (uvia_drill 0.1)
    (uvias_allowed no)
    (uvia_min_size 0.2)
    (uvia_min_drill 0.1)
    (edge_width 0.05)
    (segment_width 0.2)
    (pcb_text_width 0.3)
    (pcb_text_size 1.5 1.5)
    (mod_edge_width 0.12)
    (mod_text_size 1 1)
    (mod_text_width 0.15)
    (pad_size 1.524 1.524)
    (pad_drill 0.762)
    (pad_to_mask_clearance 0.051)
    (solder_mask_min_width 0.25)
    (aux_axis_origin 0 0)
    (visible_elements 7FFFF7FF)
    (pcbplotparams
      (layerselection 0x010fc_ffffffff)
      (usegerberextensions false)
      (usegerberattributes true)
      (usegerberadvancedattributes true)
      (creategerberjobfile true)
      (excludeedgelayer true)
      (linewidth 0.100000)
      (plotframeref false)
      (viasonmask false)
      (mode 1)
      (useauxorigin false)
      (hpglpennumber 1)
      (hpglpenspeed 20)
      (hpglpendiameter 15.000000)
      (psnegative false)
      (psa4output false)
      (plotreference true)
      (plotvalue true)
      (plotinvisibletext false)
      (padsonsilk false)
      (subtractmaskfromsilk false)
      (outputformat 1)
      (mirror false)
      (drillshape 1)
      (scaleselection 1)
      (outputdirectory ""))
  )

  (net 0 "")
  (net 1 +12V)
  (net 2 GND)
  (net 3 +5V)
  (net 4 +3V3)
  (net 5 "Net-(C5-Pad2)")
  (net 6 "Net-(C10-Pad1)")
  (net 7 CO2_TX)
  (net 8 CO2_RX)
  (net 9 O2_RX)
  (net 10 O2_TX)
  (net 11 "Net-(D1-Pad2)")
  (net 12 "Net-(D2-Pad2)")
  (net 13 "Net-(D3-Pad1)")
  (net 14 "Net-(D3-Pad2)")
  (net 15 "Net-(D4-Pad1)")
  (net 16 "Net-(D4-Pad2)")
  (net 17 "Net-(D5-Pad2)")
  (net 18 "Net-(D5-Pad1)")
  (net 19 "Net-(D6-Pad2)")
  (net 20 "Net-(D7-Pad2)")
  (net 21 "Net-(D8-Pad2)")
  (net 22 "Net-(D9-Pad2)")
  (net 23 "Net-(D10-Pad2)")
  (net 24 "Net-(D11-Pad2)")
  (net 25 "Net-(D12-Pad2)")
  (net 26 "Net-(D13-Pad2)")
  (net 27 "Net-(D14-Pad2)")
  (net 28 "Net-(D15-Pad2)")
  (net 29 TIVA_O2_TX)
  (net 30 TIVA_CO2_TX)
  (net 31 TIVA_O2_RX)
  (net 32 TIVA_CO2_RX)
  (net 33 "Net-(R30-Pad1)")
  (net 34 "Net-(R10-Pad2)")
  (net 35 "Net-(R11-Pad2)")
  (net 36 "Net-(R12-Pad2)")
  (net 37 "Net-(R13-Pad2)")
  (net 38 "Net-(R28-Pad1)")
  (net 39 CH4_RX)
  (net 40 CH4_TX)
  (net 41 "Net-(R29-Pad1)")
  (net 42 "Net-(U3-PadPE4)")
  (net 43 "Net-(U3-PadPP5)")
  (net 44 "Net-(U3-PadPM4)")
  (net 45 "Net-(U3-PadPD3)")
  (net 46 "Net-(U3-PadPM7)")
  (net 47 "Net-(U3-PadPM5)")
  (net 48 "Net-(U3-PadPA6)")
  (net 49 "Net-(U3-PadPD7)")
  (net 50 "Net-(U3-PadPE5)")
  (net 51 "Net-(U3-PadPE3)")
  (net 52 "Net-(U3-PadPB4)")
  (net 53 "Net-(U3-PadPK5)")
  (net 54 "Net-(U3-PadPD5)")
  (net 55 "Net-(U3-PadRese')")
  (net 56 "Net-(U3-PadPK2)")
  (net 57 "Net-(U3-PadPA5)")
  (net 58 "Net-(U3-PadPK3)")
  (net 59 "Net-(U3-PadPB5)")
  (net 60 "Net-(U3-PadPQ0)")
  (net 61 "Net-(U3-PadPH0)")
  (net 62 "Net-(U3-PadPD2)")
  (net 63 "Net-(U3-PadPA7)")
  (net 64 "Net-(U3-PadPQ3)")
  (net 65 "Net-(U3-PadPA4)")
  (net 66 "Net-(U3-PadPP3)")
  (net 67 "Net-(U3-PadPM2)")
  (net 68 "Net-(U3-PadPM1)")
  (net 69 "Net-(U3-PadPK4)")
  (net 70 "Net-(U3-PadPQ2)")
  (net 71 "Net-(U3-PadPM0)")
  (net 72 "Net-(U3-PadPG1)")
  (net 73 "Net-(U3-PadPD4)")
  (net 74 "Net-(U3-PadPL0)")
  (net 75 "Net-(U3-PadPF1)")
  (net 76 "Net-(U3-PadPG0)")
  (net 77 "Net-(U3-PadPF3)")
  (net 78 "Net-(U3-PadPF2)")
  (net 79 "Net-(U3-PadPL5)")
  (net 80 "Net-(U3-PadPL4)")
  (net 81 "Net-(U3-PadPH2)")
  (net 82 "Net-(U3-PadPD0)")
  (net 83 "Net-(U3-PadPN2)")
  (net 84 "Net-(U3-PadPL2)")
  (net 85 "Net-(U3-PadPD1)")
  (net 86 "Net-(U3-PadPL3)")
  (net 87 "Net-(U3-PadPN3)")
  (net 88 "Net-(U3-PadPH3)")
  (net 89 "Net-(U3-PadPP2)")
  (net 90 "Net-(U3-PadPL1)")
  (net 91 "Net-(U3-PadPM3)")
  (net 92 "Net-(U3-PadRese)")
  (net 93 "Net-(U4-Pad2)")
  (net 94 "Net-(U4-Pad6)")
  (net 95 "Net-(U4-Pad7)")
  (net 96 "Net-(U4-Pad14)")
  (net 97 "Net-(U4-Pad15)")
  (net 98 "Net-(U4-Pad16)")
  (net 99 /Sheet615E4949/D1-)
  (net 100 /Sheet615E4949/D1+)
  (net 101 /Sheet615E4949/D2-)
  (net 102 /Sheet615E4949/D2+)
  (net 103 NH3_A)
  (net 104 NO2_SCL)
  (net 105 NO2_SDA)
  (net 106 "Net-(Conn7-Pad1)")
  (net 107 Photodiode2)
  (net 108 "Net-(Conn9-Pad1)")
  (net 109 Photodiode3)
  (net 110 "Net-(Conn11-Pad1)")
  (net 111 Photodiode1)
  (net 112 Lights)
  (net 113 UVLED)
  (net 114 "Net-(D16-Pad2)")
  (net 115 "Net-(D17-Pad2)")
  (net 116 "Net-(D18-Pad2)")
  (net 117 "Net-(D19-Pad2)")
  (net 118 TIVA_NH3_A)
  (net 119 Laser3)
  (net 120 Laser1)
  (net 121 Laser2)
  (net 122 "Net-(R7-Pad1)")
  (net 123 "Net-(R14-Pad2)")
  (net 124 "Net-(R17-Pad2)")
  (net 125 "Net-(R31-Pad2)")
  (net 126 "Net-(R38-Pad2)")
  (net 127 "Net-(U3-PadPK1)")

  (net_class Default "This is the default net class."
    (clearance 0.2)
    (trace_width 0.25)
    (via_dia 0.8)
    (via_drill 0.4)
    (uvia_dia 0.3)
    (uvia_drill 0.1)
    (add_net +12V)
    (add_net +3V3)
    (add_net +5V)
    (add_net /Sheet615E4949/D1+)
    (add_net /Sheet615E4949/D1-)
    (add_net /Sheet615E4949/D2+)
    (add_net /Sheet615E4949/D2-)
    (add_net CH4_RX)
    (add_net CH4_TX)
    (add_net CO2_RX)
    (add_net CO2_TX)
    (add_net GND)
    (add_net Laser1)
    (add_net Laser2)
    (add_net Laser3)
    (add_net Lights)
    (add_net NH3_A)
    (add_net NO2_SCL)
    (add_net NO2_SDA)
    (add_net "Net-(C10-Pad1)")
    (add_net "Net-(C5-Pad2)")
    (add_net "Net-(Conn11-Pad1)")
    (add_net "Net-(Conn7-Pad1)")
    (add_net "Net-(Conn9-Pad1)")
    (add_net "Net-(D1-Pad2)")
    (add_net "Net-(D10-Pad2)")
    (add_net "Net-(D11-Pad2)")
    (add_net "Net-(D12-Pad2)")
    (add_net "Net-(D13-Pad2)")
    (add_net "Net-(D14-Pad2)")
    (add_net "Net-(D15-Pad2)")
    (add_net "Net-(D16-Pad2)")
    (add_net "Net-(D17-Pad2)")
    (add_net "Net-(D18-Pad2)")
    (add_net "Net-(D19-Pad2)")
    (add_net "Net-(D2-Pad2)")
    (add_net "Net-(D3-Pad1)")
    (add_net "Net-(D3-Pad2)")
    (add_net "Net-(D4-Pad1)")
    (add_net "Net-(D4-Pad2)")
    (add_net "Net-(D5-Pad1)")
    (add_net "Net-(D5-Pad2)")
    (add_net "Net-(D6-Pad2)")
    (add_net "Net-(D7-Pad2)")
    (add_net "Net-(D8-Pad2)")
    (add_net "Net-(D9-Pad2)")
    (add_net "Net-(R10-Pad2)")
    (add_net "Net-(R11-Pad2)")
    (add_net "Net-(R12-Pad2)")
    (add_net "Net-(R13-Pad2)")
    (add_net "Net-(R14-Pad2)")
    (add_net "Net-(R17-Pad2)")
    (add_net "Net-(R28-Pad1)")
    (add_net "Net-(R29-Pad1)")
    (add_net "Net-(R30-Pad1)")
    (add_net "Net-(R31-Pad2)")
    (add_net "Net-(R38-Pad2)")
    (add_net "Net-(R7-Pad1)")
    (add_net "Net-(U3-PadPA4)")
    (add_net "Net-(U3-PadPA5)")
    (add_net "Net-(U3-PadPA6)")
    (add_net "Net-(U3-PadPA7)")
    (add_net "Net-(U3-PadPB4)")
    (add_net "Net-(U3-PadPB5)")
    (add_net "Net-(U3-PadPD0)")
    (add_net "Net-(U3-PadPD1)")
    (add_net "Net-(U3-PadPD2)")
    (add_net "Net-(U3-PadPD3)")
    (add_net "Net-(U3-PadPD4)")
    (add_net "Net-(U3-PadPD5)")
    (add_net "Net-(U3-PadPD7)")
    (add_net "Net-(U3-PadPE3)")
    (add_net "Net-(U3-PadPE4)")
    (add_net "Net-(U3-PadPE5)")
    (add_net "Net-(U3-PadPF1)")
    (add_net "Net-(U3-PadPF2)")
    (add_net "Net-(U3-PadPF3)")
    (add_net "Net-(U3-PadPG0)")
    (add_net "Net-(U3-PadPG1)")
    (add_net "Net-(U3-PadPH0)")
    (add_net "Net-(U3-PadPH2)")
    (add_net "Net-(U3-PadPH3)")
    (add_net "Net-(U3-PadPK1)")
    (add_net "Net-(U3-PadPK2)")
    (add_net "Net-(U3-PadPK3)")
    (add_net "Net-(U3-PadPK4)")
    (add_net "Net-(U3-PadPK5)")
    (add_net "Net-(U3-PadPL0)")
    (add_net "Net-(U3-PadPL1)")
    (add_net "Net-(U3-PadPL2)")
    (add_net "Net-(U3-PadPL3)")
    (add_net "Net-(U3-PadPL4)")
    (add_net "Net-(U3-PadPL5)")
    (add_net "Net-(U3-PadPM0)")
    (add_net "Net-(U3-PadPM1)")
    (add_net "Net-(U3-PadPM2)")
    (add_net "Net-(U3-PadPM3)")
    (add_net "Net-(U3-PadPM4)")
    (add_net "Net-(U3-PadPM5)")
    (add_net "Net-(U3-PadPM7)")
    (add_net "Net-(U3-PadPN2)")
    (add_net "Net-(U3-PadPN3)")
    (add_net "Net-(U3-PadPP2)")
    (add_net "Net-(U3-PadPP3)")
    (add_net "Net-(U3-PadPP5)")
    (add_net "Net-(U3-PadPQ0)")
    (add_net "Net-(U3-PadPQ2)")
    (add_net "Net-(U3-PadPQ3)")
    (add_net "Net-(U3-PadRese')")
    (add_net "Net-(U3-PadRese)")
    (add_net "Net-(U4-Pad14)")
    (add_net "Net-(U4-Pad15)")
    (add_net "Net-(U4-Pad16)")
    (add_net "Net-(U4-Pad2)")
    (add_net "Net-(U4-Pad6)")
    (add_net "Net-(U4-Pad7)")
    (add_net O2_RX)
    (add_net O2_TX)
    (add_net Photodiode1)
    (add_net Photodiode2)
    (add_net Photodiode3)
    (add_net TIVA_CO2_RX)
    (add_net TIVA_CO2_TX)
    (add_net TIVA_NH3_A)
    (add_net TIVA_O2_RX)
    (add_net TIVA_O2_TX)
    (add_net UVLED)
  )

  (module Capacitor_SMD:C_0603_1608Metric_Pad1.05x0.95mm_HandSolder (layer F.Cu) (tedit 5B301BBE) (tstamp 6184DDFE)
    (at 52.465 116.84)
    (descr "Capacitor SMD 0603 (1608 Metric), square (rectangular) end terminal, IPC_7351 nominal with elongated pad for handsoldering. (Body size source: http://www.tortai-tech.com/upload/download/2011102023233369053.pdf), generated with kicad-footprint-generator")
    (tags "capacitor handsolder")
    (path /615EE19D)
    (attr smd)
    (fp_text reference C1 (at 2.54 0 270) (layer F.SilkS)
      (effects (font (size 1 1) (thickness 0.15)))
    )
    (fp_text value 10uf (at 0 -1.27) (layer F.Fab)
      (effects (font (size 1 1) (thickness 0.15)))
    )
    (fp_line (start 1.65 0.73) (end -1.65 0.73) (layer F.CrtYd) (width 0.05))
    (fp_line (start 1.65 -0.73) (end 1.65 0.73) (layer F.CrtYd) (width 0.05))
    (fp_line (start -1.65 -0.73) (end 1.65 -0.73) (layer F.CrtYd) (width 0.05))
    (fp_line (start -1.65 0.73) (end -1.65 -0.73) (layer F.CrtYd) (width 0.05))
    (fp_line (start -0.171267 0.51) (end 0.171267 0.51) (layer F.SilkS) (width 0.12))
    (fp_line (start -0.171267 -0.51) (end 0.171267 -0.51) (layer F.SilkS) (width 0.12))
    (fp_line (start 0.8 0.4) (end -0.8 0.4) (layer F.Fab) (width 0.1))
    (fp_line (start 0.8 -0.4) (end 0.8 0.4) (layer F.Fab) (width 0.1))
    (fp_line (start -0.8 -0.4) (end 0.8 -0.4) (layer F.Fab) (width 0.1))
    (fp_line (start -0.8 0.4) (end -0.8 -0.4) (layer F.Fab) (width 0.1))
    (fp_text user %R (at 0 0) (layer F.Fab)
      (effects (font (size 0.4 0.4) (thickness 0.06)))
    )
    (pad 1 smd roundrect (at -0.875 0) (size 1.05 0.95) (layers F.Cu F.Paste F.Mask) (roundrect_rratio 0.25)
      (net 1 +12V))
    (pad 2 smd roundrect (at 0.875 0) (size 1.05 0.95) (layers F.Cu F.Paste F.Mask) (roundrect_rratio 0.25)
      (net 2 GND))
    (model ${KISYS3DMOD}/Capacitor_SMD.3dshapes/C_0603_1608Metric.wrl
      (at (xyz 0 0 0))
      (scale (xyz 1 1 1))
      (rotate (xyz 0 0 0))
    )
  )

  (module Capacitor_SMD:C_0603_1608Metric_Pad1.05x0.95mm_HandSolder (layer F.Cu) (tedit 5B301BBE) (tstamp 6184DE0F)
    (at 66.04 116.84)
    (descr "Capacitor SMD 0603 (1608 Metric), square (rectangular) end terminal, IPC_7351 nominal with elongated pad for handsoldering. (Body size source: http://www.tortai-tech.com/upload/download/2011102023233369053.pdf), generated with kicad-footprint-generator")
    (tags "capacitor handsolder")
    (path /615E1386)
    (attr smd)
    (fp_text reference C2 (at 2.54 0 90) (layer F.SilkS)
      (effects (font (size 1 1) (thickness 0.15)))
    )
    (fp_text value 10uf (at 0 -1.27) (layer F.Fab)
      (effects (font (size 1 1) (thickness 0.15)))
    )
    (fp_line (start -0.8 0.4) (end -0.8 -0.4) (layer F.Fab) (width 0.1))
    (fp_line (start -0.8 -0.4) (end 0.8 -0.4) (layer F.Fab) (width 0.1))
    (fp_line (start 0.8 -0.4) (end 0.8 0.4) (layer F.Fab) (width 0.1))
    (fp_line (start 0.8 0.4) (end -0.8 0.4) (layer F.Fab) (width 0.1))
    (fp_line (start -0.171267 -0.51) (end 0.171267 -0.51) (layer F.SilkS) (width 0.12))
    (fp_line (start -0.171267 0.51) (end 0.171267 0.51) (layer F.SilkS) (width 0.12))
    (fp_line (start -1.65 0.73) (end -1.65 -0.73) (layer F.CrtYd) (width 0.05))
    (fp_line (start -1.65 -0.73) (end 1.65 -0.73) (layer F.CrtYd) (width 0.05))
    (fp_line (start 1.65 -0.73) (end 1.65 0.73) (layer F.CrtYd) (width 0.05))
    (fp_line (start 1.65 0.73) (end -1.65 0.73) (layer F.CrtYd) (width 0.05))
    (fp_text user %R (at 0 0) (layer F.Fab)
      (effects (font (size 0.4 0.4) (thickness 0.06)))
    )
    (pad 2 smd roundrect (at 0.875 0) (size 1.05 0.95) (layers F.Cu F.Paste F.Mask) (roundrect_rratio 0.25)
      (net 2 GND))
    (pad 1 smd roundrect (at -0.875 0) (size 1.05 0.95) (layers F.Cu F.Paste F.Mask) (roundrect_rratio 0.25)
      (net 1 +12V))
    (model ${KISYS3DMOD}/Capacitor_SMD.3dshapes/C_0603_1608Metric.wrl
      (at (xyz 0 0 0))
      (scale (xyz 1 1 1))
      (rotate (xyz 0 0 0))
    )
  )

  (module Capacitor_SMD:C_0603_1608Metric_Pad1.05x0.95mm_HandSolder (layer F.Cu) (tedit 5B301BBE) (tstamp 6184DE20)
    (at 58.42 116.84 180)
    (descr "Capacitor SMD 0603 (1608 Metric), square (rectangular) end terminal, IPC_7351 nominal with elongated pad for handsoldering. (Body size source: http://www.tortai-tech.com/upload/download/2011102023233369053.pdf), generated with kicad-footprint-generator")
    (tags "capacitor handsolder")
    (path /615EE1A3)
    (attr smd)
    (fp_text reference C3 (at -2.54 0 270) (layer F.SilkS)
      (effects (font (size 1 1) (thickness 0.15)))
    )
    (fp_text value 10uf (at 0 1.43) (layer F.Fab)
      (effects (font (size 1 1) (thickness 0.15)))
    )
    (fp_line (start -0.8 0.4) (end -0.8 -0.4) (layer F.Fab) (width 0.1))
    (fp_line (start -0.8 -0.4) (end 0.8 -0.4) (layer F.Fab) (width 0.1))
    (fp_line (start 0.8 -0.4) (end 0.8 0.4) (layer F.Fab) (width 0.1))
    (fp_line (start 0.8 0.4) (end -0.8 0.4) (layer F.Fab) (width 0.1))
    (fp_line (start -0.171267 -0.51) (end 0.171267 -0.51) (layer F.SilkS) (width 0.12))
    (fp_line (start -0.171267 0.51) (end 0.171267 0.51) (layer F.SilkS) (width 0.12))
    (fp_line (start -1.65 0.73) (end -1.65 -0.73) (layer F.CrtYd) (width 0.05))
    (fp_line (start -1.65 -0.73) (end 1.65 -0.73) (layer F.CrtYd) (width 0.05))
    (fp_line (start 1.65 -0.73) (end 1.65 0.73) (layer F.CrtYd) (width 0.05))
    (fp_line (start 1.65 0.73) (end -1.65 0.73) (layer F.CrtYd) (width 0.05))
    (fp_text user %R (at 0 0) (layer F.Fab)
      (effects (font (size 0.4 0.4) (thickness 0.06)))
    )
    (pad 2 smd roundrect (at 0.875 0 180) (size 1.05 0.95) (layers F.Cu F.Paste F.Mask) (roundrect_rratio 0.25)
      (net 2 GND))
    (pad 1 smd roundrect (at -0.875 0 180) (size 1.05 0.95) (layers F.Cu F.Paste F.Mask) (roundrect_rratio 0.25)
      (net 3 +5V))
    (model ${KISYS3DMOD}/Capacitor_SMD.3dshapes/C_0603_1608Metric.wrl
      (at (xyz 0 0 0))
      (scale (xyz 1 1 1))
      (rotate (xyz 0 0 0))
    )
  )

  (module Capacitor_SMD:C_0603_1608Metric_Pad1.05x0.95mm_HandSolder (layer F.Cu) (tedit 5B301BBE) (tstamp 6184DE31)
    (at 71.12 116.84 180)
    (descr "Capacitor SMD 0603 (1608 Metric), square (rectangular) end terminal, IPC_7351 nominal with elongated pad for handsoldering. (Body size source: http://www.tortai-tech.com/upload/download/2011102023233369053.pdf), generated with kicad-footprint-generator")
    (tags "capacitor handsolder")
    (path /615E2024)
    (attr smd)
    (fp_text reference C4 (at -2.54 0 90) (layer F.SilkS)
      (effects (font (size 1 1) (thickness 0.15)))
    )
    (fp_text value 10uf (at 0 1.43) (layer F.Fab)
      (effects (font (size 1 1) (thickness 0.15)))
    )
    (fp_line (start 1.65 0.73) (end -1.65 0.73) (layer F.CrtYd) (width 0.05))
    (fp_line (start 1.65 -0.73) (end 1.65 0.73) (layer F.CrtYd) (width 0.05))
    (fp_line (start -1.65 -0.73) (end 1.65 -0.73) (layer F.CrtYd) (width 0.05))
    (fp_line (start -1.65 0.73) (end -1.65 -0.73) (layer F.CrtYd) (width 0.05))
    (fp_line (start -0.171267 0.51) (end 0.171267 0.51) (layer F.SilkS) (width 0.12))
    (fp_line (start -0.171267 -0.51) (end 0.171267 -0.51) (layer F.SilkS) (width 0.12))
    (fp_line (start 0.8 0.4) (end -0.8 0.4) (layer F.Fab) (width 0.1))
    (fp_line (start 0.8 -0.4) (end 0.8 0.4) (layer F.Fab) (width 0.1))
    (fp_line (start -0.8 -0.4) (end 0.8 -0.4) (layer F.Fab) (width 0.1))
    (fp_line (start -0.8 0.4) (end -0.8 -0.4) (layer F.Fab) (width 0.1))
    (fp_text user %R (at 0 0) (layer F.Fab)
      (effects (font (size 0.4 0.4) (thickness 0.06)))
    )
    (pad 1 smd roundrect (at -0.875 0 180) (size 1.05 0.95) (layers F.Cu F.Paste F.Mask) (roundrect_rratio 0.25)
      (net 4 +3V3))
    (pad 2 smd roundrect (at 0.875 0 180) (size 1.05 0.95) (layers F.Cu F.Paste F.Mask) (roundrect_rratio 0.25)
      (net 2 GND))
    (model ${KISYS3DMOD}/Capacitor_SMD.3dshapes/C_0603_1608Metric.wrl
      (at (xyz 0 0 0))
      (scale (xyz 1 1 1))
      (rotate (xyz 0 0 0))
    )
  )

  (module Capacitor_SMD:C_0603_1608Metric_Pad1.05x0.95mm_HandSolder (layer F.Cu) (tedit 5B301BBE) (tstamp 61850A4C)
    (at 252.476 109.333 270)
    (descr "Capacitor SMD 0603 (1608 Metric), square (rectangular) end terminal, IPC_7351 nominal with elongated pad for handsoldering. (Body size source: http://www.tortai-tech.com/upload/download/2011102023233369053.pdf), generated with kicad-footprint-generator")
    (tags "capacitor handsolder")
    (path /615E494A/61613EA3)
    (attr smd)
    (fp_text reference C5 (at 0 -1.43 90) (layer F.SilkS)
      (effects (font (size 1 1) (thickness 0.15)))
    )
    (fp_text value 10nF (at 0 1.43 90) (layer F.Fab)
      (effects (font (size 1 1) (thickness 0.15)))
    )
    (fp_line (start 1.65 0.73) (end -1.65 0.73) (layer F.CrtYd) (width 0.05))
    (fp_line (start 1.65 -0.73) (end 1.65 0.73) (layer F.CrtYd) (width 0.05))
    (fp_line (start -1.65 -0.73) (end 1.65 -0.73) (layer F.CrtYd) (width 0.05))
    (fp_line (start -1.65 0.73) (end -1.65 -0.73) (layer F.CrtYd) (width 0.05))
    (fp_line (start -0.171267 0.51) (end 0.171267 0.51) (layer F.SilkS) (width 0.12))
    (fp_line (start -0.171267 -0.51) (end 0.171267 -0.51) (layer F.SilkS) (width 0.12))
    (fp_line (start 0.8 0.4) (end -0.8 0.4) (layer F.Fab) (width 0.1))
    (fp_line (start 0.8 -0.4) (end 0.8 0.4) (layer F.Fab) (width 0.1))
    (fp_line (start -0.8 -0.4) (end 0.8 -0.4) (layer F.Fab) (width 0.1))
    (fp_line (start -0.8 0.4) (end -0.8 -0.4) (layer F.Fab) (width 0.1))
    (fp_text user %R (at 0 0 90) (layer F.Fab)
      (effects (font (size 0.4 0.4) (thickness 0.06)))
    )
    (pad 1 smd roundrect (at -0.875 0 270) (size 1.05 0.95) (layers F.Cu F.Paste F.Mask) (roundrect_rratio 0.25)
      (net 2 GND))
    (pad 2 smd roundrect (at 0.875 0 270) (size 1.05 0.95) (layers F.Cu F.Paste F.Mask) (roundrect_rratio 0.25)
      (net 5 "Net-(C5-Pad2)"))
    (model ${KISYS3DMOD}/Capacitor_SMD.3dshapes/C_0603_1608Metric.wrl
      (at (xyz 0 0 0))
      (scale (xyz 1 1 1))
      (rotate (xyz 0 0 0))
    )
  )

  (module Capacitor_SMD:C_0603_1608Metric_Pad1.05x0.95mm_HandSolder (layer F.Cu) (tedit 5B301BBE) (tstamp 61853233)
    (at 254.367 116.078)
    (descr "Capacitor SMD 0603 (1608 Metric), square (rectangular) end terminal, IPC_7351 nominal with elongated pad for handsoldering. (Body size source: http://www.tortai-tech.com/upload/download/2011102023233369053.pdf), generated with kicad-footprint-generator")
    (tags "capacitor handsolder")
    (path /615E494A/6167C537)
    (attr smd)
    (fp_text reference C6 (at 0 -1.43) (layer F.SilkS)
      (effects (font (size 1 1) (thickness 0.15)))
    )
    (fp_text value 100nF (at 0 1.43) (layer F.Fab)
      (effects (font (size 1 1) (thickness 0.15)))
    )
    (fp_line (start 1.65 0.73) (end -1.65 0.73) (layer F.CrtYd) (width 0.05))
    (fp_line (start 1.65 -0.73) (end 1.65 0.73) (layer F.CrtYd) (width 0.05))
    (fp_line (start -1.65 -0.73) (end 1.65 -0.73) (layer F.CrtYd) (width 0.05))
    (fp_line (start -1.65 0.73) (end -1.65 -0.73) (layer F.CrtYd) (width 0.05))
    (fp_line (start -0.171267 0.51) (end 0.171267 0.51) (layer F.SilkS) (width 0.12))
    (fp_line (start -0.171267 -0.51) (end 0.171267 -0.51) (layer F.SilkS) (width 0.12))
    (fp_line (start 0.8 0.4) (end -0.8 0.4) (layer F.Fab) (width 0.1))
    (fp_line (start 0.8 -0.4) (end 0.8 0.4) (layer F.Fab) (width 0.1))
    (fp_line (start -0.8 -0.4) (end 0.8 -0.4) (layer F.Fab) (width 0.1))
    (fp_line (start -0.8 0.4) (end -0.8 -0.4) (layer F.Fab) (width 0.1))
    (fp_text user %R (at 0 0) (layer F.Fab)
      (effects (font (size 0.4 0.4) (thickness 0.06)))
    )
    (pad 1 smd roundrect (at -0.875 0) (size 1.05 0.95) (layers F.Cu F.Paste F.Mask) (roundrect_rratio 0.25)
      (net 3 +5V))
    (pad 2 smd roundrect (at 0.875 0) (size 1.05 0.95) (layers F.Cu F.Paste F.Mask) (roundrect_rratio 0.25)
      (net 2 GND))
    (model ${KISYS3DMOD}/Capacitor_SMD.3dshapes/C_0603_1608Metric.wrl
      (at (xyz 0 0 0))
      (scale (xyz 1 1 1))
      (rotate (xyz 0 0 0))
    )
  )

  (module Capacitor_SMD:C_0603_1608Metric_Pad1.05x0.95mm_HandSolder (layer F.Cu) (tedit 5B301BBE) (tstamp 618508C9)
    (at 254.367 113.284)
    (descr "Capacitor SMD 0603 (1608 Metric), square (rectangular) end terminal, IPC_7351 nominal with elongated pad for handsoldering. (Body size source: http://www.tortai-tech.com/upload/download/2011102023233369053.pdf), generated with kicad-footprint-generator")
    (tags "capacitor handsolder")
    (path /615E494A/61685AB6)
    (attr smd)
    (fp_text reference C7 (at 0 -1.43) (layer F.SilkS)
      (effects (font (size 1 1) (thickness 0.15)))
    )
    (fp_text value "4.7 uF" (at 0 1.43) (layer F.Fab)
      (effects (font (size 1 1) (thickness 0.15)))
    )
    (fp_line (start -0.8 0.4) (end -0.8 -0.4) (layer F.Fab) (width 0.1))
    (fp_line (start -0.8 -0.4) (end 0.8 -0.4) (layer F.Fab) (width 0.1))
    (fp_line (start 0.8 -0.4) (end 0.8 0.4) (layer F.Fab) (width 0.1))
    (fp_line (start 0.8 0.4) (end -0.8 0.4) (layer F.Fab) (width 0.1))
    (fp_line (start -0.171267 -0.51) (end 0.171267 -0.51) (layer F.SilkS) (width 0.12))
    (fp_line (start -0.171267 0.51) (end 0.171267 0.51) (layer F.SilkS) (width 0.12))
    (fp_line (start -1.65 0.73) (end -1.65 -0.73) (layer F.CrtYd) (width 0.05))
    (fp_line (start -1.65 -0.73) (end 1.65 -0.73) (layer F.CrtYd) (width 0.05))
    (fp_line (start 1.65 -0.73) (end 1.65 0.73) (layer F.CrtYd) (width 0.05))
    (fp_line (start 1.65 0.73) (end -1.65 0.73) (layer F.CrtYd) (width 0.05))
    (fp_text user %R (at 0 0) (layer F.Fab)
      (effects (font (size 0.4 0.4) (thickness 0.06)))
    )
    (pad 2 smd roundrect (at 0.875 0) (size 1.05 0.95) (layers F.Cu F.Paste F.Mask) (roundrect_rratio 0.25)
      (net 2 GND))
    (pad 1 smd roundrect (at -0.875 0) (size 1.05 0.95) (layers F.Cu F.Paste F.Mask) (roundrect_rratio 0.25)
      (net 3 +5V))
    (model ${KISYS3DMOD}/Capacitor_SMD.3dshapes/C_0603_1608Metric.wrl
      (at (xyz 0 0 0))
      (scale (xyz 1 1 1))
      (rotate (xyz 0 0 0))
    )
  )

  (module Capacitor_SMD:C_01005_0402Metric (layer F.Cu) (tedit 5B301BBE) (tstamp 61850899)
    (at 246.888 115.062)
    (descr "Capacitor SMD 01005 (0402 Metric), square (rectangular) end terminal, IPC_7351 nominal, (Body size source: http://www.vishay.com/docs/20056/crcw01005e3.pdf), generated with kicad-footprint-generator")
    (tags capacitor)
    (path /615E494A/61620A39)
    (attr smd)
    (fp_text reference C8 (at 0 -1) (layer F.SilkS)
      (effects (font (size 1 1) (thickness 0.15)))
    )
    (fp_text value 47pF (at 0 1) (layer F.Fab)
      (effects (font (size 1 1) (thickness 0.15)))
    )
    (fp_line (start -0.2 0.1) (end -0.2 -0.1) (layer F.Fab) (width 0.1))
    (fp_line (start -0.2 -0.1) (end 0.2 -0.1) (layer F.Fab) (width 0.1))
    (fp_line (start 0.2 -0.1) (end 0.2 0.1) (layer F.Fab) (width 0.1))
    (fp_line (start 0.2 0.1) (end -0.2 0.1) (layer F.Fab) (width 0.1))
    (fp_line (start -0.6 0.3) (end -0.6 -0.3) (layer F.CrtYd) (width 0.05))
    (fp_line (start -0.6 -0.3) (end 0.6 -0.3) (layer F.CrtYd) (width 0.05))
    (fp_line (start 0.6 -0.3) (end 0.6 0.3) (layer F.CrtYd) (width 0.05))
    (fp_line (start 0.6 0.3) (end -0.6 0.3) (layer F.CrtYd) (width 0.05))
    (fp_text user %R (at 0 -0.62) (layer F.Fab)
      (effects (font (size 0.25 0.25) (thickness 0.04)))
    )
    (pad 2 smd roundrect (at 0.25 0) (size 0.4 0.3) (layers F.Cu F.Mask) (roundrect_rratio 0.25)
      (net 2 GND))
    (pad 1 smd roundrect (at -0.25 0) (size 0.4 0.3) (layers F.Cu F.Mask) (roundrect_rratio 0.25)
      (net 99 /Sheet615E4949/D1-))
    (pad "" smd roundrect (at 0.275 0) (size 0.27 0.27) (layers F.Paste) (roundrect_rratio 0.25))
    (pad "" smd roundrect (at -0.275 0) (size 0.27 0.27) (layers F.Paste) (roundrect_rratio 0.25))
    (model ${KISYS3DMOD}/Capacitor_SMD.3dshapes/C_01005_0402Metric.wrl
      (at (xyz 0 0 0))
      (scale (xyz 1 1 1))
      (rotate (xyz 0 0 0))
    )
  )

  (module Capacitor_SMD:C_01005_0402Metric (layer F.Cu) (tedit 5B301BBE) (tstamp 618509D1)
    (at 238.506 114.808)
    (descr "Capacitor SMD 01005 (0402 Metric), square (rectangular) end terminal, IPC_7351 nominal, (Body size source: http://www.vishay.com/docs/20056/crcw01005e3.pdf), generated with kicad-footprint-generator")
    (tags capacitor)
    (path /615E494A/616202D2)
    (attr smd)
    (fp_text reference C9 (at 0 -1) (layer F.SilkS)
      (effects (font (size 1 1) (thickness 0.15)))
    )
    (fp_text value 47pF (at 0 1) (layer F.Fab)
      (effects (font (size 1 1) (thickness 0.15)))
    )
    (fp_line (start 0.6 0.3) (end -0.6 0.3) (layer F.CrtYd) (width 0.05))
    (fp_line (start 0.6 -0.3) (end 0.6 0.3) (layer F.CrtYd) (width 0.05))
    (fp_line (start -0.6 -0.3) (end 0.6 -0.3) (layer F.CrtYd) (width 0.05))
    (fp_line (start -0.6 0.3) (end -0.6 -0.3) (layer F.CrtYd) (width 0.05))
    (fp_line (start 0.2 0.1) (end -0.2 0.1) (layer F.Fab) (width 0.1))
    (fp_line (start 0.2 -0.1) (end 0.2 0.1) (layer F.Fab) (width 0.1))
    (fp_line (start -0.2 -0.1) (end 0.2 -0.1) (layer F.Fab) (width 0.1))
    (fp_line (start -0.2 0.1) (end -0.2 -0.1) (layer F.Fab) (width 0.1))
    (fp_text user %R (at 0 -0.62) (layer F.Fab)
      (effects (font (size 0.25 0.25) (thickness 0.04)))
    )
    (pad "" smd roundrect (at -0.275 0) (size 0.27 0.27) (layers F.Paste) (roundrect_rratio 0.25))
    (pad "" smd roundrect (at 0.275 0) (size 0.27 0.27) (layers F.Paste) (roundrect_rratio 0.25))
    (pad 1 smd roundrect (at -0.25 0) (size 0.4 0.3) (layers F.Cu F.Mask) (roundrect_rratio 0.25)
      (net 100 /Sheet615E4949/D1+))
    (pad 2 smd roundrect (at 0.25 0) (size 0.4 0.3) (layers F.Cu F.Mask) (roundrect_rratio 0.25)
      (net 2 GND))
    (model ${KISYS3DMOD}/Capacitor_SMD.3dshapes/C_01005_0402Metric.wrl
      (at (xyz 0 0 0))
      (scale (xyz 1 1 1))
      (rotate (xyz 0 0 0))
    )
  )

  (module Capacitor_SMD:C_0603_1608Metric_Pad1.05x0.95mm_HandSolder (layer F.Cu) (tedit 5B301BBE) (tstamp 61850A7C)
    (at 234.696 119.126 180)
    (descr "Capacitor SMD 0603 (1608 Metric), square (rectangular) end terminal, IPC_7351 nominal with elongated pad for handsoldering. (Body size source: http://www.tortai-tech.com/upload/download/2011102023233369053.pdf), generated with kicad-footprint-generator")
    (tags "capacitor handsolder")
    (path /615E494A/6165EDA8)
    (attr smd)
    (fp_text reference C10 (at 0 -1.43) (layer F.SilkS)
      (effects (font (size 1 1) (thickness 0.15)))
    )
    (fp_text value 100nF (at 0 1.43) (layer F.Fab)
      (effects (font (size 1 1) (thickness 0.15)))
    )
    (fp_line (start -0.8 0.4) (end -0.8 -0.4) (layer F.Fab) (width 0.1))
    (fp_line (start -0.8 -0.4) (end 0.8 -0.4) (layer F.Fab) (width 0.1))
    (fp_line (start 0.8 -0.4) (end 0.8 0.4) (layer F.Fab) (width 0.1))
    (fp_line (start 0.8 0.4) (end -0.8 0.4) (layer F.Fab) (width 0.1))
    (fp_line (start -0.171267 -0.51) (end 0.171267 -0.51) (layer F.SilkS) (width 0.12))
    (fp_line (start -0.171267 0.51) (end 0.171267 0.51) (layer F.SilkS) (width 0.12))
    (fp_line (start -1.65 0.73) (end -1.65 -0.73) (layer F.CrtYd) (width 0.05))
    (fp_line (start -1.65 -0.73) (end 1.65 -0.73) (layer F.CrtYd) (width 0.05))
    (fp_line (start 1.65 -0.73) (end 1.65 0.73) (layer F.CrtYd) (width 0.05))
    (fp_line (start 1.65 0.73) (end -1.65 0.73) (layer F.CrtYd) (width 0.05))
    (fp_text user %R (at 0 0) (layer F.Fab)
      (effects (font (size 0.4 0.4) (thickness 0.06)))
    )
    (pad 2 smd roundrect (at 0.875 0 180) (size 1.05 0.95) (layers F.Cu F.Paste F.Mask) (roundrect_rratio 0.25)
      (net 2 GND))
    (pad 1 smd roundrect (at -0.875 0 180) (size 1.05 0.95) (layers F.Cu F.Paste F.Mask) (roundrect_rratio 0.25)
      (net 6 "Net-(C10-Pad1)"))
    (model ${KISYS3DMOD}/Capacitor_SMD.3dshapes/C_0603_1608Metric.wrl
      (at (xyz 0 0 0))
      (scale (xyz 1 1 1))
      (rotate (xyz 0 0 0))
    )
  )

  (module MRDT_Connectors:Anderson_1_Horizontal (layer F.Cu) (tedit 5DD896AD) (tstamp 6184DEAC)
    (at 106.426 26.162 270)
    (path /614D19B3)
    (fp_text reference Conn6 (at -5.588 4.572 90) (layer F.SilkS) hide
      (effects (font (size 1 1) (thickness 0.15)))
    )
    (fp_text value AndersonPP (at -16.4211 -5.08 90) (layer F.Fab)
      (effects (font (size 1 1) (thickness 0.15)))
    )
    (fp_line (start -15.8496 -4.064) (end -3.556 -4.064) (layer F.SilkS) (width 0.15))
    (fp_line (start -28.1686 -4.064) (end -20.4216 -4.064) (layer F.SilkS) (width 0.15))
    (fp_line (start -18.1356 1.524) (end -18.1356 -1.7526) (layer F.SilkS) (width 0.15))
    (fp_line (start -15.8496 3.81) (end -3.556 3.81) (layer F.SilkS) (width 0.15))
    (fp_line (start -18.1356 1.524) (end -18.1356 2.667) (layer F.SilkS) (width 0.15))
    (fp_line (start -18.1356 -2.921) (end -18.1356 -1.7526) (layer F.SilkS) (width 0.15))
    (fp_line (start -15.875 -4.064) (end -16.9672 -4.064) (layer F.SilkS) (width 0.15))
    (fp_line (start -19.2786 -4.064) (end -20.4978 -4.064) (layer F.SilkS) (width 0.15))
    (fp_line (start -3.556 3.81) (end -3.556 -4.064) (layer F.SilkS) (width 0.15))
    (fp_line (start -28.194 -4.064) (end -28.194 3.7846) (layer F.SilkS) (width 0.15))
    (fp_line (start -17.0688 3.81) (end -15.8496 3.81) (layer F.SilkS) (width 0.15))
    (fp_line (start -28.194 3.81) (end -19.2024 3.81) (layer F.SilkS) (width 0.15))
    (fp_arc (start -18.1356 3.81) (end -19.2024 3.7592) (angle 90) (layer F.SilkS) (width 0.15))
    (fp_arc (start -18.1356 3.81) (end -18.1356 2.7432) (angle 90) (layer F.SilkS) (width 0.15))
    (fp_arc (start -18.1356 -4.064) (end -16.9926 -4.064) (angle 90) (layer F.SilkS) (width 0.15))
    (fp_arc (start -18.1356 -4.064) (end -18.1356 -2.921) (angle 90) (layer F.SilkS) (width 0.15))
    (pad 1 thru_hole circle (at 0.0254 -0.127 270) (size 5.08 5.08) (drill 4.06) (layers *.Cu *.Mask F.Paste))
    (model "${MRDT_KICAD_LIBRARIES}/3D Files/MRDT_Connctors/Anderson_1_Horizontal.stp"
      (offset (xyz -3.174999952316284 -3.809999942779541 7.619999885559082))
      (scale (xyz 1 1 1))
      (rotate (xyz 180 0 180))
    )
  )

  (module MRDT_Connectors:MOLEX_SL_04_Horizontal (layer F.Cu) (tedit 5DD88DC8) (tstamp 61850A0A)
    (at 26.67 93.98 90)
    (path /615E494A/61613277)
    (fp_text reference Conn3 (at 1.27 2.54 90) (layer F.SilkS) hide
      (effects (font (size 1 1) (thickness 0.15)))
    )
    (fp_text value Molex_SL_04 (at 3.175 2.032 90) (layer F.Fab)
      (effects (font (size 1 1) (thickness 0.15)))
    )
    (fp_line (start -1.27 1.27) (end -1.27 -1.27) (layer F.SilkS) (width 0.15))
    (fp_line (start 8.89 -1.27) (end 8.89 1.27) (layer F.SilkS) (width 0.15))
    (fp_line (start -1.27 -1.27) (end 10.795 -1.27) (layer F.SilkS) (width 0.15))
    (fp_line (start 2.54 -7.62) (end 2.54 -5.08) (layer F.SilkS) (width 0.15))
    (fp_line (start 1.27 -8.89) (end 1.27 -12.7) (layer F.SilkS) (width 0.15))
    (fp_line (start 1.27 -8.89) (end 1.27 -7.62) (layer F.SilkS) (width 0.15))
    (fp_line (start -1.27 -1.27) (end -3.175 -1.27) (layer F.SilkS) (width 0.15))
    (fp_line (start -3.175 -1.27) (end -3.175 -13.208) (layer F.SilkS) (width 0.15))
    (fp_line (start 1.27 -13.208) (end 1.27 -12.7) (layer F.SilkS) (width 0.15))
    (fp_line (start 8.89 1.27) (end -1.27 1.27) (layer F.SilkS) (width 0.15))
    (fp_line (start 10.795 -1.27) (end 10.795 -13.208) (layer F.SilkS) (width 0.15))
    (fp_line (start 6.35 -13.208) (end 6.35 -7.62) (layer F.SilkS) (width 0.15))
    (fp_line (start 5.08 -5.08) (end 2.54 -5.08) (layer F.SilkS) (width 0.15))
    (fp_line (start 5.08 -7.62) (end 5.08 -5.08) (layer F.SilkS) (width 0.15))
    (fp_line (start 1.27 -7.62) (end 6.35 -7.62) (layer F.SilkS) (width 0.15))
    (fp_line (start -3.175 -13.208) (end 10.795 -13.208) (layer F.SilkS) (width 0.15))
    (pad 1 thru_hole circle (at 0 0 90) (size 1.524 1.524) (drill 0.9) (layers *.Cu *.Mask)
      (net 3 +5V))
    (pad 2 thru_hole circle (at 2.54 0 90) (size 1.524 1.524) (drill 0.9) (layers *.Cu *.Mask)
      (net 2 GND))
    (pad 3 thru_hole circle (at 5.08 0 90) (size 1.524 1.524) (drill 0.9) (layers *.Cu *.Mask)
      (net 104 NO2_SCL))
    (pad 4 thru_hole circle (at 7.62 0 90) (size 1.524 1.524) (drill 0.9) (layers *.Cu *.Mask)
      (net 105 NO2_SDA))
    (pad "" np_thru_hole circle (at -1.27 -8.636 90) (size 3.45 3.45) (drill 3.45) (layers *.Cu *.Mask))
    (pad "" np_thru_hole circle (at 8.89 -8.636 90) (size 3.45 3.45) (drill 3.45) (layers *.Cu *.Mask))
    (model "${MRDT_KICAD_LIBRARIES}/3D Files/MRDT_Connctors/Molex_SL_04_Horizontal.stp"
      (offset (xyz 10.15999984741211 12.95399980545044 0))
      (scale (xyz 1 1 1))
      (rotate (xyz 0 0 180))
    )
  )

  (module MRDT_Connectors:MOLEX_SL_04_Horizontal (layer F.Cu) (tedit 5DD88DC8) (tstamp 61850B93)
    (at 26.67 124.46 90)
    (path /615E494A/615ECF4A)
    (fp_text reference Conn4 (at 1.27 2.54 90) (layer F.SilkS) hide
      (effects (font (size 1 1) (thickness 0.15)))
    )
    (fp_text value Molex_SL_04 (at 3.175 2.032 90) (layer F.Fab)
      (effects (font (size 1 1) (thickness 0.15)))
    )
    (fp_line (start -1.27 1.27) (end -1.27 -1.27) (layer F.SilkS) (width 0.15))
    (fp_line (start 8.89 -1.27) (end 8.89 1.27) (layer F.SilkS) (width 0.15))
    (fp_line (start -1.27 -1.27) (end 10.795 -1.27) (layer F.SilkS) (width 0.15))
    (fp_line (start 2.54 -7.62) (end 2.54 -5.08) (layer F.SilkS) (width 0.15))
    (fp_line (start 1.27 -8.89) (end 1.27 -12.7) (layer F.SilkS) (width 0.15))
    (fp_line (start 1.27 -8.89) (end 1.27 -7.62) (layer F.SilkS) (width 0.15))
    (fp_line (start -1.27 -1.27) (end -3.175 -1.27) (layer F.SilkS) (width 0.15))
    (fp_line (start -3.175 -1.27) (end -3.175 -13.208) (layer F.SilkS) (width 0.15))
    (fp_line (start 1.27 -13.208) (end 1.27 -12.7) (layer F.SilkS) (width 0.15))
    (fp_line (start 8.89 1.27) (end -1.27 1.27) (layer F.SilkS) (width 0.15))
    (fp_line (start 10.795 -1.27) (end 10.795 -13.208) (layer F.SilkS) (width 0.15))
    (fp_line (start 6.35 -13.208) (end 6.35 -7.62) (layer F.SilkS) (width 0.15))
    (fp_line (start 5.08 -5.08) (end 2.54 -5.08) (layer F.SilkS) (width 0.15))
    (fp_line (start 5.08 -7.62) (end 5.08 -5.08) (layer F.SilkS) (width 0.15))
    (fp_line (start 1.27 -7.62) (end 6.35 -7.62) (layer F.SilkS) (width 0.15))
    (fp_line (start -3.175 -13.208) (end 10.795 -13.208) (layer F.SilkS) (width 0.15))
    (pad 1 thru_hole circle (at 0 0 90) (size 1.524 1.524) (drill 0.9) (layers *.Cu *.Mask)
      (net 3 +5V))
    (pad 2 thru_hole circle (at 2.54 0 90) (size 1.524 1.524) (drill 0.9) (layers *.Cu *.Mask)
      (net 2 GND))
    (pad 3 thru_hole circle (at 5.08 0 90) (size 1.524 1.524) (drill 0.9) (layers *.Cu *.Mask)
      (net 7 CO2_TX))
    (pad 4 thru_hole circle (at 7.62 0 90) (size 1.524 1.524) (drill 0.9) (layers *.Cu *.Mask)
      (net 8 CO2_RX))
    (pad "" np_thru_hole circle (at -1.27 -8.636 90) (size 3.45 3.45) (drill 3.45) (layers *.Cu *.Mask))
    (pad "" np_thru_hole circle (at 8.89 -8.636 90) (size 3.45 3.45) (drill 3.45) (layers *.Cu *.Mask))
    (model "${MRDT_KICAD_LIBRARIES}/3D Files/MRDT_Connctors/Molex_SL_04_Horizontal.stp"
      (offset (xyz 10.15999984741211 12.95399980545044 0))
      (scale (xyz 1 1 1))
      (rotate (xyz 0 0 180))
    )
  )

  (module MRDT_Connectors:MOLEX_SL_04_Horizontal (layer F.Cu) (tedit 5DD88DC8) (tstamp 618522AE)
    (at 26.67 109.22 90)
    (path /615E494A/615E7887)
    (fp_text reference Conn5 (at 1.27 2.54 90) (layer F.SilkS) hide
      (effects (font (size 1 1) (thickness 0.15)))
    )
    (fp_text value Molex_SL_04 (at 3.175 2.032 90) (layer F.Fab)
      (effects (font (size 1 1) (thickness 0.15)))
    )
    (fp_line (start -3.175 -13.208) (end 10.795 -13.208) (layer F.SilkS) (width 0.15))
    (fp_line (start 1.27 -7.62) (end 6.35 -7.62) (layer F.SilkS) (width 0.15))
    (fp_line (start 5.08 -7.62) (end 5.08 -5.08) (layer F.SilkS) (width 0.15))
    (fp_line (start 5.08 -5.08) (end 2.54 -5.08) (layer F.SilkS) (width 0.15))
    (fp_line (start 6.35 -13.208) (end 6.35 -7.62) (layer F.SilkS) (width 0.15))
    (fp_line (start 10.795 -1.27) (end 10.795 -13.208) (layer F.SilkS) (width 0.15))
    (fp_line (start 8.89 1.27) (end -1.27 1.27) (layer F.SilkS) (width 0.15))
    (fp_line (start 1.27 -13.208) (end 1.27 -12.7) (layer F.SilkS) (width 0.15))
    (fp_line (start -3.175 -1.27) (end -3.175 -13.208) (layer F.SilkS) (width 0.15))
    (fp_line (start -1.27 -1.27) (end -3.175 -1.27) (layer F.SilkS) (width 0.15))
    (fp_line (start 1.27 -8.89) (end 1.27 -7.62) (layer F.SilkS) (width 0.15))
    (fp_line (start 1.27 -8.89) (end 1.27 -12.7) (layer F.SilkS) (width 0.15))
    (fp_line (start 2.54 -7.62) (end 2.54 -5.08) (layer F.SilkS) (width 0.15))
    (fp_line (start -1.27 -1.27) (end 10.795 -1.27) (layer F.SilkS) (width 0.15))
    (fp_line (start 8.89 -1.27) (end 8.89 1.27) (layer F.SilkS) (width 0.15))
    (fp_line (start -1.27 1.27) (end -1.27 -1.27) (layer F.SilkS) (width 0.15))
    (pad "" np_thru_hole circle (at 8.89 -8.636 90) (size 3.45 3.45) (drill 3.45) (layers *.Cu *.Mask))
    (pad "" np_thru_hole circle (at -1.27 -8.636 90) (size 3.45 3.45) (drill 3.45) (layers *.Cu *.Mask))
    (pad 4 thru_hole circle (at 7.62 0 90) (size 1.524 1.524) (drill 0.9) (layers *.Cu *.Mask)
      (net 9 O2_RX))
    (pad 3 thru_hole circle (at 5.08 0 90) (size 1.524 1.524) (drill 0.9) (layers *.Cu *.Mask)
      (net 10 O2_TX))
    (pad 2 thru_hole circle (at 2.54 0 90) (size 1.524 1.524) (drill 0.9) (layers *.Cu *.Mask)
      (net 2 GND))
    (pad 1 thru_hole circle (at 0 0 90) (size 1.524 1.524) (drill 0.9) (layers *.Cu *.Mask)
      (net 3 +5V))
    (model "${MRDT_KICAD_LIBRARIES}/3D Files/MRDT_Connctors/Molex_SL_04_Horizontal.stp"
      (offset (xyz 10.15999984741211 12.95399980545044 0))
      (scale (xyz 1 1 1))
      (rotate (xyz 0 0 180))
    )
  )

  (module LED_SMD:LED_0603_1608Metric_Pad1.05x0.95mm_HandSolder (layer F.Cu) (tedit 5B4B45C9) (tstamp 618513E9)
    (at 152.654 40.386)
    (descr "LED SMD 0603 (1608 Metric), square (rectangular) end terminal, IPC_7351 nominal, (Body size source: http://www.tortai-tech.com/upload/download/2011102023233369053.pdf), generated with kicad-footprint-generator")
    (tags "LED handsolder")
    (path /615EE1BB)
    (attr smd)
